[gd_scene load_steps=33 format=3 uid="uid://ddfrla0niav7c"]

[ext_resource type="Script" uid="uid://d2seov0uv14x7" path="res://Map/Map.cs" id="1_uvdaf"]
[ext_resource type="PackedScene" uid="uid://c1j6vfe3s2bq8" path="res://player/cubio.tscn" id="1_x2qou"]
[ext_resource type="Material" uid="uid://bhhh4tdxd2idt" path="res://materials/0.tres" id="2_1nrcf"]
[ext_resource type="Material" uid="uid://cujipr1dc6e5v" path="res://materials/2.tres" id="3_ieddu"]
[ext_resource type="Material" uid="uid://delb5nx4mavki" path="res://materials/5.tres" id="3_qwtje"]
[ext_resource type="Material" uid="uid://b1m4kr3ffwk74" path="res://materials/4.tres" id="4_qwtje"]
[ext_resource type="PackedScene" uid="uid://guuwcgtogcs7" path="res://NPC/npc.tscn" id="6_p06u6"]
[ext_resource type="PackedScene" uid="uid://be7liaivbjwjl" path="res://Dialog/dialog_interaction.tscn" id="8_31pye"]
[ext_resource type="PackedScene" uid="uid://crglnyjkdymh5" path="res://NPC/Roman/soldier.tscn" id="8_bjslr"]
[ext_resource type="Resource" uid="uid://2gl4fh4kta5f" path="res://Dialog/Data/DrugDealerDialogue.tres" id="9_0shv6"]
[ext_resource type="Resource" uid="uid://cwufkp6q8iuqo" path="res://Dialog/Data/TestDialogue.tres" id="9_6fjt0"]
[ext_resource type="Resource" uid="uid://d14ofqpfd74c3" path="res://Dialog/Data/TestDialogue2.tres" id="9_31pye"]
[ext_resource type="Resource" uid="uid://c1bnhn5irr6rr" path="res://Dialog/Data/TestDialogue3.tres" id="9_uvdaf"]
[ext_resource type="Material" uid="uid://cko1imbruweoh" path="res://materials/14.tres" id="10_5myj6"]
[ext_resource type="PackedScene" path="res://Interaction/spell_trigger.tscn" id="10_wb7md"]
[ext_resource type="PackedScene" uid="uid://botnclf4tvwq6" path="res://Dialog/Options/option_dialog.tscn" id="10_y5u4b"]
[ext_resource type="Material" uid="uid://cev0qj5upcp0b" path="res://materials/26.tres" id="11_wb7md"]
[ext_resource type="Material" uid="uid://cnfud5oht4ofy" path="res://materials/11.tres" id="12_871se"]
[ext_resource type="Resource" path="res://Dialog/Data/TellToGoDialogue.tres" id="13_7ffcb"]
[ext_resource type="Resource" path="res://Dialog/Data/okgotcha.tres" id="13_ap3w5"]
[ext_resource type="Material" uid="uid://c81j4r3c7mbgy" path="res://materials/15.tres" id="13_nm2cg"]
[ext_resource type="PackedScene" path="res://Interaction/generic_interaction.tscn" id="15_8vsgl"]
[ext_resource type="PackedScene" path="res://UI/ui.tscn" id="17_rr8d8"]
[ext_resource type="PackedScene" uid="uid://bd5tbh6gqm6q" path="res://game_manager.tscn" id="24_wb7md"]

[sub_resource type="NavigationMesh" id="NavigationMesh_bjslr"]
vertices = PackedVector3Array(-35, 0.26038933, 12.5, -32.5, 0.26038933, 2.5, -35, 0.26038933, -7.5, -2497.5, 0.26038933, 37.5, -45, 0.26038933, 15, -35, 0.26038933, 25, -30, 0.26038933, 25, -25, 0.26038933, 10, -22.5, 0.26038933, 0, -50, 0.26038933, 37.5, -50, 0.26038933, 27.5, -27.5, 0.26038933, -10, -10, 0.26038933, -20, -5, 0.26038933, -2497.5, -2497.5, 0.26038933, -2497.5, -5, 0.26038933, -22.5, -17.5, 0.26038933, 7.5, -17.5, 0.26038933, -7.5, -7.5, 0.26038933, -10, -42.5, 0.26038933, 25, 5, 0.26038933, -5, 17.5, 0.26038933, -2.5, 20, 0.26038933, -7.5, 2.5, 0.26038933, -20, 27.5, 0.26038933, -7.5, 2497.5, 0.26038933, 22.5, 2497.5, 0.26038933, -2497.5, 30, 0.26038933, 2.5, 35, 0.26038933, 17.5, 42.5, 0.26038933, 22.5, -12.5, 6.2603893, -5, -12.5, 6.2603893, 10, -5, 6.2603893, 10, -5, 6.2603893, -5, -17.5, 0.26038933, 32.5, -25, 0.26038933, 32.5, -17.5, 0.26038933, 45, -7.5, 0.26038933, 50, -2.5, 0.26038933, 45, 27.5, 0.26038933, 42.5, 35, 0.26038933, 30, 30, 0.26038933, 27.5, 20, 0.26038933, 37.5, 17.5, 0.26038933, 42.5, 0, 0.26038933, 0, 2.5, 0.26038933, 10, 30, 0.26038933, 20, 20, 0.26038933, 5, -32.5, 0.26038933, 50, -35, 0.26038933, 2497.5, -2.5, 0.26038933, 2497.5, -2.5, 0.26038933, 57.5, -10, 0.26038933, 15, 32.5, 23.01039, 25, 37.5, 23.01039, 25, 27.5, 23.01039, 0, 20, 23.01039, -2.5, -20, 7.7603893, 12.5, -20, 7.7603893, 17.5, -15, 7.7603893, 17.5, -15, 7.7603893, 12.5, -35, 22.51039, 32.5, -22.5, 22.51039, 45, -35, 22.51039, 17.5, -40, 22.51039, 17.5, -25, 9.010389, 22.5, -25, 9.010389, 27.5, -20, 9.010389, 27.5, -20, 9.010389, 22.5, 40, 0.26038933, 30, 25, 0.26038933, 52.5, 7.5, 0.26038933, 2497.5, 2497.5, 0.26038933, 2497.5, 5, 0.26038933, 55, -45, 11.510389, 30, -45, 11.510389, 45, -30, 11.510389, 45, -30, 11.510389, 30, -42.5, 0.26038933, 32.5, -42.5, 0.26038933, 42.5, -32.5, 0.26038933, 42.5, -32.5, 0.26038933, 32.5, -47.5, 0.26038933, 50, -2497.5, 0.26038933, 2497.5)
polygons = [PackedInt32Array(0, 4, 1), PackedInt32Array(1, 4, 2), PackedInt32Array(2, 4, 3), PackedInt32Array(5, 0, 6), PackedInt32Array(6, 0, 7), PackedInt32Array(7, 0, 1), PackedInt32Array(7, 1, 8), PackedInt32Array(10, 9, 3), PackedInt32Array(11, 2, 12), PackedInt32Array(12, 2, 3), PackedInt32Array(12, 3, 13), PackedInt32Array(13, 3, 14), PackedInt32Array(12, 13, 15), PackedInt32Array(7, 8, 16), PackedInt32Array(16, 8, 17), PackedInt32Array(18, 17, 12), PackedInt32Array(12, 17, 11), PackedInt32Array(17, 8, 11), PackedInt32Array(19, 10, 4), PackedInt32Array(4, 10, 3), PackedInt32Array(21, 20, 22), PackedInt32Array(22, 20, 23), PackedInt32Array(24, 23, 25), PackedInt32Array(25, 23, 13), PackedInt32Array(25, 13, 26), PackedInt32Array(28, 27, 29), PackedInt32Array(29, 27, 24), PackedInt32Array(29, 24, 25), PackedInt32Array(24, 22, 23), PackedInt32Array(23, 15, 13), PackedInt32Array(33, 32, 30), PackedInt32Array(30, 32, 31), PackedInt32Array(37, 36, 38), PackedInt32Array(38, 36, 34), PackedInt32Array(34, 36, 35), PackedInt32Array(40, 39, 41), PackedInt32Array(41, 39, 42), PackedInt32Array(42, 43, 38), PackedInt32Array(44, 20, 45), PackedInt32Array(45, 20, 47), PackedInt32Array(45, 47, 46), PackedInt32Array(28, 46, 27), PackedInt32Array(27, 46, 47), PackedInt32Array(37, 51, 36), PackedInt32Array(36, 51, 48), PackedInt32Array(48, 51, 50), PackedInt32Array(48, 50, 49), PackedInt32Array(20, 21, 47), PackedInt32Array(52, 45, 34), PackedInt32Array(34, 45, 38), PackedInt32Array(38, 45, 42), PackedInt32Array(42, 45, 46), PackedInt32Array(46, 41, 42), PackedInt32Array(54, 53, 55), PackedInt32Array(55, 53, 56), PackedInt32Array(60, 59, 57), PackedInt32Array(57, 59, 58), PackedInt32Array(64, 63, 61), PackedInt32Array(61, 63, 62), PackedInt32Array(68, 67, 65), PackedInt32Array(65, 67, 66), PackedInt32Array(39, 40, 69), PackedInt32Array(39, 69, 70), PackedInt32Array(70, 69, 71), PackedInt32Array(71, 69, 25), PackedInt32Array(71, 25, 72), PackedInt32Array(71, 73, 70), PackedInt32Array(69, 29, 25), PackedInt32Array(77, 76, 74), PackedInt32Array(74, 76, 75), PackedInt32Array(81, 80, 78), PackedInt32Array(78, 80, 79), PackedInt32Array(82, 48, 49), PackedInt32Array(9, 82, 3), PackedInt32Array(3, 82, 83), PackedInt32Array(83, 82, 49), PackedInt32Array(50, 51, 71), PackedInt32Array(71, 51, 73)]
geometry_parsed_geometry_type = 1
geometry_collision_mask = 4278190083
cell_size = 2.5

[sub_resource type="StandardMaterial3D" id="StandardMaterial3D_xbyy0"]
albedo_color = Color(0.9490196, 0.72156864, 0.53333336, 1)

[sub_resource type="PlaneMesh" id="PlaneMesh_1nrcf"]
material = SubResource("StandardMaterial3D_xbyy0")
size = Vector2(5000, 5000)

[sub_resource type="BoxShape3D" id="BoxShape3D_qwtje"]
size = Vector3(5000, 1, 5000)

[sub_resource type="BoxMesh" id="BoxMesh_x2qou"]
material = ExtResource("2_1nrcf")

[sub_resource type="BoxShape3D" id="BoxShape3D_xbyy0"]

[sub_resource type="CylinderMesh" id="CylinderMesh_p06u6"]

[sub_resource type="CylinderShape3D" id="CylinderShape3D_gq0e1"]

[node name="DesertScene" type="NavigationRegion3D" node_paths=PackedStringArray("PointsOfInterest")]
navigation_mesh = SubResource("NavigationMesh_bjslr")
script = ExtResource("1_uvdaf")
PointsOfInterest = [NodePath("Point 1"), NodePath("Point 2"), NodePath("Point 3"), NodePath("Point 4"), NodePath("Point 5")]

[node name="Cubio" parent="." instance=ExtResource("1_x2qou")]
transform = Transform3D(1, 0, 0, 0, 1, 0, 0, 0, 1, -11.690933, 1.0230136, 51.708225)

[node name="DesertPlane" type="StaticBody3D" parent="."]
collision_layer = 3
collision_mask = 21

[node name="MeshInstance3D" type="MeshInstance3D" parent="DesertPlane"]
layers = 2
mesh = SubResource("PlaneMesh_1nrcf")
skeleton = NodePath("../..")

[node name="CollisionShape3D" type="CollisionShape3D" parent="DesertPlane"]
transform = Transform3D(1, 0, 0, 0, 1, 0, 0, 0, 1, 0, -0.5, 0)
shape = SubResource("BoxShape3D_qwtje")

[node name="DirectionalLight3D" type="DirectionalLight3D" parent="."]
transform = Transform3D(-0.766045, 0.45452, -0.45452, 0, 0.707107, 0.707107, 0.642788, 0.541676, -0.541675, 0, 5, 0)
light_energy = 1.3
shadow_enabled = true
shadow_bias = 0.032
directional_shadow_mode = 0
directional_shadow_split_1 = 0.05
directional_shadow_split_2 = 0.1
directional_shadow_split_3 = 0.2
directional_shadow_fade_start = 1.0
directional_shadow_max_distance = 24.0

[node name="Blockout" type="Node3D" parent="."]

[node name="Building" type="StaticBody3D" parent="Blockout"]
transform = Transform3D(1.369, 0, 0, 0, 3, 0, 0, 0, 3.337, -1.7750304, 1.7836182, 6.4004564)

[node name="MeshInstance3D" type="MeshInstance3D" parent="Blockout/Building"]
mesh = SubResource("BoxMesh_x2qou")

[node name="CollisionShape3D" type="CollisionShape3D" parent="Blockout/Building"]
shape = SubResource("BoxShape3D_xbyy0")

[node name="Building6" type="StaticBody3D" parent="Blockout"]
transform = Transform3D(1.369, 0, 0, 0, 3, 0, 0, 0, 3.337, -0.11524606, 1.4297948, -6.270562)

[node name="MeshInstance3D" type="MeshInstance3D" parent="Blockout/Building6"]
material_override = ExtResource("3_ieddu")
mesh = SubResource("BoxMesh_x2qou")

[node name="CollisionShape3D" type="CollisionShape3D" parent="Blockout/Building6"]
shape = SubResource("BoxShape3D_xbyy0")

[node name="Building5" type="StaticBody3D" parent="Blockout"]
transform = Transform3D(3.2004552, 0, 0, 0, 4.5, 0, 0, 0, 5.006, -1.8701844, 2.1247075, -3.3890467)

[node name="MeshInstance3D" type="MeshInstance3D" parent="Blockout/Building5"]
mesh = SubResource("BoxMesh_x2qou")

[node name="CollisionShape3D" type="CollisionShape3D" parent="Blockout/Building5"]
shape = SubResource("BoxShape3D_xbyy0")

[node name="Building2" type="StaticBody3D" parent="Blockout"]
transform = Transform3D(0.975, 0, 0, 0, 1.5, 0, 0, 0, 1.1660867, 0.24584591, 0.7414684, -8.126968)

[node name="MeshInstance3D" type="MeshInstance3D" parent="Blockout/Building2"]
material_override = ExtResource("4_qwtje")
mesh = SubResource("BoxMesh_x2qou")

[node name="CollisionShape3D" type="CollisionShape3D" parent="Blockout/Building2"]
shape = SubResource("BoxShape3D_xbyy0")

[node name="Building3" type="StaticBody3D" parent="Blockout"]
transform = Transform3D(9.919332, 0, 0, 0, 6.12461, 0, 0, 0, 17.640274, -7.982005, 2.8584018, 1.7926629)

[node name="MeshInstance3D" type="MeshInstance3D" parent="Blockout/Building3"]
material_override = ExtResource("3_qwtje")
mesh = SubResource("BoxMesh_x2qou")

[node name="CollisionShape3D" type="CollisionShape3D" parent="Blockout/Building3"]
shape = SubResource("BoxShape3D_xbyy0")

[node name="Building15" type="StaticBody3D" parent="Blockout"]
transform = Transform3D(1.1252269, 0, 0, 0, 2.2205436, 0, 0, 0, 6.921378, -13.622652, 0.019811869, 46.875584)

[node name="MeshInstance3D" type="MeshInstance3D" parent="Blockout/Building15"]
material_override = ExtResource("3_qwtje")
mesh = SubResource("BoxMesh_x2qou")

[node name="CollisionShape3D" type="CollisionShape3D" parent="Blockout/Building15"]
shape = SubResource("BoxShape3D_xbyy0")

[node name="Building10" type="StaticBody3D" parent="Blockout"]
transform = Transform3D(4.9773645, 0, 14.658202, 0, 3.7480845, 0, -2.5288763, 0, 28.850456, 29.464615, 20.795832, 11.7986965)

[node name="MeshInstance3D" type="MeshInstance3D" parent="Blockout/Building10"]
material_override = ExtResource("3_qwtje")
mesh = SubResource("BoxMesh_x2qou")

[node name="CollisionShape3D" type="CollisionShape3D" parent="Blockout/Building10"]
shape = SubResource("BoxShape3D_xbyy0")

[node name="Building11" type="StaticBody3D" parent="Blockout"]
transform = Transform3D(4.7619805, 0, 16.892014, 0, 3.7480845, 0, -2.9142604, 0, 27.60202, -31.312029, 20.30233, 30.884367)

[node name="MeshInstance3D" type="MeshInstance3D" parent="Blockout/Building11"]
material_override = ExtResource("3_qwtje")
mesh = SubResource("BoxMesh_x2qou")

[node name="CollisionShape3D" type="CollisionShape3D" parent="Blockout/Building11"]
shape = SubResource("BoxShape3D_xbyy0")

[node name="Building4" type="StaticBody3D" parent="Blockout"]
transform = Transform3D(18.271494, 0, 0, 0, 16.348013, 0, 0, 0, 17.640274, -37.582237, 2.8584018, 36.45349)

[node name="MeshInstance3D" type="MeshInstance3D" parent="Blockout/Building4"]
material_override = ExtResource("4_qwtje")
mesh = SubResource("BoxMesh_x2qou")

[node name="CollisionShape3D" type="CollisionShape3D" parent="Blockout/Building4"]
shape = SubResource("BoxShape3D_xbyy0")

[node name="Building7" type="StaticBody3D" parent="Blockout"]
transform = Transform3D(14.896088, 0, 0, 0, 11.555658, 0, 0, 0, 3.809737, 10.887705, 2.8584018, 48.131195)

[node name="MeshInstance3D" type="MeshInstance3D" parent="Blockout/Building7"]
material_override = ExtResource("4_qwtje")
mesh = SubResource("BoxMesh_x2qou")

[node name="CollisionShape3D" type="CollisionShape3D" parent="Blockout/Building7"]
shape = SubResource("BoxShape3D_xbyy0")

[node name="Building8" type="StaticBody3D" parent="Blockout"]
transform = Transform3D(7.621403, 0, 0, 0, 11.555658, 0, 0, 0, 6.5919833, -22.443714, 2.9727683, 24.471367)

[node name="MeshInstance3D" type="MeshInstance3D" parent="Blockout/Building8"]
material_override = ExtResource("2_1nrcf")
mesh = SubResource("BoxMesh_x2qou")

[node name="CollisionShape3D" type="CollisionShape3D" parent="Blockout/Building8"]
shape = SubResource("BoxShape3D_xbyy0")

[node name="Building12" type="StaticBody3D" parent="Blockout"]
transform = Transform3D(7.621403, 0, 0, 0, 7.72558, 0, 0, 0, 0.9706707, -16.742025, 2.9727683, 43.72082)

[node name="MeshInstance3D" type="MeshInstance3D" parent="Blockout/Building12"]
material_override = ExtResource("2_1nrcf")
mesh = SubResource("BoxMesh_x2qou")

[node name="CollisionShape3D" type="CollisionShape3D" parent="Blockout/Building12"]
shape = SubResource("BoxShape3D_xbyy0")

[node name="Building14" type="StaticBody3D" parent="Blockout"]
transform = Transform3D(-4.1663574e-07, 0, -0.9706707, 0, 7.72558, 0, 9.531515, 0, -4.2429363e-08, -20.077322, 2.9727674, 48.241714)

[node name="MeshInstance3D" type="MeshInstance3D" parent="Blockout/Building14"]
material_override = ExtResource("3_ieddu")
mesh = SubResource("BoxMesh_x2qou")

[node name="CollisionShape3D" type="CollisionShape3D" parent="Blockout/Building14"]
shape = SubResource("BoxShape3D_xbyy0")

[node name="Building13" type="StaticBody3D" parent="Blockout"]
transform = Transform3D(7.621403, 0, 0, 0, 7.72558, 0, 0, 0, 0.8073567, -16.742025, 2.9727683, 52.968906)

[node name="MeshInstance3D" type="MeshInstance3D" parent="Blockout/Building13"]
material_override = ExtResource("2_1nrcf")
mesh = SubResource("BoxMesh_x2qou")

[node name="CollisionShape3D" type="CollisionShape3D" parent="Blockout/Building13"]
shape = SubResource("BoxShape3D_xbyy0")

[node name="Building9" type="StaticBody3D" parent="Blockout"]
transform = Transform3D(7.621403, 0, 0, 0, 11.555658, 0, 0, 0, 6.5919833, -17.239902, 1.6431994, 15.484123)

[node name="MeshInstance3D" type="MeshInstance3D" parent="Blockout/Building9"]
material_override = ExtResource("4_qwtje")
mesh = SubResource("BoxMesh_x2qou")

[node name="CollisionShape3D" type="CollisionShape3D" parent="Blockout/Building9"]
shape = SubResource("BoxShape3D_xbyy0")

[node name="BuildingRound" type="StaticBody3D" parent="Blockout"]
transform = Transform3D(5.455946, 0, 0, 0, 16.348013, 0, 0, 0, 5.2674613, -3.8285809, 2.8584018, -16.03606)

[node name="MeshInstance3D" type="MeshInstance3D" parent="Blockout/BuildingRound"]
material_override = ExtResource("4_qwtje")
mesh = SubResource("CylinderMesh_p06u6")

[node name="CollisionShape3D" type="CollisionShape3D" parent="Blockout/BuildingRound"]
shape = SubResource("CylinderShape3D_gq0e1")

[node name="BuildingRound2" type="StaticBody3D" parent="Blockout"]
transform = Transform3D(5.455946, 0, 0, 0, 16.348013, 0, 0, 0, 5.2674613, -29.654337, 2.8584018, -3.3465986)

[node name="MeshInstance3D" type="MeshInstance3D" parent="Blockout/BuildingRound2"]
material_override = ExtResource("4_qwtje")
mesh = SubResource("CylinderMesh_p06u6")

[node name="CollisionShape3D" type="CollisionShape3D" parent="Blockout/BuildingRound2"]
shape = SubResource("CylinderShape3D_gq0e1")

[node name="BuildingRound3" type="StaticBody3D" parent="Blockout"]
transform = Transform3D(5.455946, 0, 0, 0, 16.348013, 0, 0, 0, 5.2674613, -38.83162, 2.8584018, 19.727444)

[node name="MeshInstance3D" type="MeshInstance3D" parent="Blockout/BuildingRound3"]
material_override = ExtResource("4_qwtje")
mesh = SubResource("CylinderMesh_p06u6")

[node name="CollisionShape3D" type="CollisionShape3D" parent="Blockout/BuildingRound3"]
shape = SubResource("CylinderShape3D_gq0e1")

[node name="BuildingRound4" type="StaticBody3D" parent="Blockout"]
transform = Transform3D(5.455946, 0, 0, 0, 16.348013, 0, 0, 0, 5.2674613, -24.245085, 2.8584018, 42.831306)

[node name="MeshInstance3D" type="MeshInstance3D" parent="Blockout/BuildingRound4"]
material_override = ExtResource("4_qwtje")
mesh = SubResource("CylinderMesh_p06u6")

[node name="CollisionShape3D" type="CollisionShape3D" parent="Blockout/BuildingRound4"]
shape = SubResource("CylinderShape3D_gq0e1")

[node name="BuildingRound5" type="StaticBody3D" parent="Blockout"]
transform = Transform3D(5.455946, 0, 0, 0, 16.348013, 0, 0, 0, 5.2674613, -0.48205376, 2.8584018, 51.897804)

[node name="MeshInstance3D" type="MeshInstance3D" parent="Blockout/BuildingRound5"]
material_override = ExtResource("4_qwtje")
mesh = SubResource("CylinderMesh_p06u6")

[node name="CollisionShape3D" type="CollisionShape3D" parent="Blockout/BuildingRound5"]
shape = SubResource("CylinderShape3D_gq0e1")

[node name="BuildingRound6" type="StaticBody3D" parent="Blockout"]
transform = Transform3D(5.455946, 0, 0, 0, 16.348013, 0, 0, 0, 5.2674613, 22.071321, 2.8584018, 45.112427)

[node name="MeshInstance3D" type="MeshInstance3D" parent="Blockout/BuildingRound6"]
material_override = ExtResource("4_qwtje")
mesh = SubResource("CylinderMesh_p06u6")

[node name="CollisionShape3D" type="CollisionShape3D" parent="Blockout/BuildingRound6"]
shape = SubResource("CylinderShape3D_gq0e1")

[node name="BuildingRound7" type="StaticBody3D" parent="Blockout"]
transform = Transform3D(5.455946, 0, 0, 0, 16.348013, 0, 0, 0, 5.2674613, 35.285423, 2.8584018, 23.546917)

[node name="MeshInstance3D" type="MeshInstance3D" parent="Blockout/BuildingRound7"]
material_override = ExtResource("4_qwtje")
mesh = SubResource("CylinderMesh_p06u6")

[node name="CollisionShape3D" type="CollisionShape3D" parent="Blockout/BuildingRound7"]
shape = SubResource("CylinderShape3D_gq0e1")

[node name="BuildingRound8" type="StaticBody3D" parent="Blockout"]
transform = Transform3D(5.455946, 0, 0, 0, 16.348013, 0, 0, 0, 5.2674613, 23.306305, 2.8584018, -0.46247673)

[node name="MeshInstance3D" type="MeshInstance3D" parent="Blockout/BuildingRound8"]
material_override = ExtResource("4_qwtje")
mesh = SubResource("CylinderMesh_p06u6")

[node name="CollisionShape3D" type="CollisionShape3D" parent="Blockout/BuildingRound8"]
shape = SubResource("CylinderShape3D_gq0e1")

[node name="ppl" type="Node3D" parent="."]

[node name="NPC" parent="ppl" instance=ExtResource("6_p06u6")]
transform = Transform3D(1, 0, 0, 0, 1, 0, 0, 0, 1, 0.877594, 0.94608474, -9.129321)

[node name="TutorialNPC" parent="ppl" instance=ExtResource("6_p06u6")]
transform = Transform3D(-4.371139e-08, 0, 1, 0, 1, 0, -1, 0, -4.371139e-08, -14.910599, 0.020284414, 49.006725)

[node name="TutorialNPC_waiting" parent="ppl" instance=ExtResource("6_p06u6")]
transform = Transform3D(0.60128516, 0, 0.7990345, 0, 1, 0, -0.7990345, 0, 0.60128516, -12.219477, 0.020284414, 42.39377)

[node name="NPC2" parent="ppl" instance=ExtResource("6_p06u6")]
transform = Transform3D(1, 0, 0, 0, 1, 0, 0, 0, 1, 17.834171, 0.01925683, 5.635614)

[node name="NPC3" parent="ppl" instance=ExtResource("6_p06u6")]
transform = Transform3D(1, 0, 0, 0, 1, 0, 0, 0, 1, 17.470001, 0.01925683, 1.788753)

[node name="NPC4" parent="ppl" instance=ExtResource("6_p06u6")]
transform = Transform3D(1, 0, 0, 0, 1, 0, 0, 0, 1, 19.392328, 0.01925683, 3.350119)

[node name="NPC5" parent="ppl" instance=ExtResource("6_p06u6")]
transform = Transform3D(1, 0, 0, 0, 1, 0, 0, 0, 1, 16.345625, 0.01925683, 3.7379184)

[node name="NPC6" parent="ppl" instance=ExtResource("6_p06u6")]
transform = Transform3D(1, 0, 0, 0, 1, 0, 0, 0, 1, 20.314604, 0.01925683, 5.491474)

[node name="NPC17" parent="ppl" instance=ExtResource("6_p06u6")]
transform = Transform3D(1, 0, 0, 0, -4.371139e-08, 1, 0, -1, -4.371139e-08, -3.6308703, 0.01925683, 12.987628)

[node name="NPC7" parent="ppl" instance=ExtResource("6_p06u6")]
transform = Transform3D(1, 0, 0, 0, 1, 0, 0, 0, 1, 18.735765, 0.01925683, 1.3767519)

[node name="NPC8" parent="ppl" instance=ExtResource("6_p06u6")]
transform = Transform3D(1, 0, 0, 0, 1, 0, 0, 0, 1, 18.62264, 0.01925683, 7.261383)

[node name="NPC9" parent="ppl" instance=ExtResource("6_p06u6")]
transform = Transform3D(1, 0, 0, 0, 1, 0, 0, 0, 1, 25.730574, -0.101201296, 26.74358)

[node name="NPC10" parent="ppl" instance=ExtResource("6_p06u6")]
transform = Transform3D(1, 0, 0, 0, 1, 0, 0, 0, 1, 29.386465, -0.101201296, 22.805887)

[node name="NPC11" parent="ppl" instance=ExtResource("6_p06u6")]
transform = Transform3D(1, 0, 0, 0, 1, 0, 0, 0, 1, 26.669401, -0.101201296, 22.625776)

[node name="NPC12" parent="ppl" instance=ExtResource("6_p06u6")]
transform = Transform3D(1, 0, 0, 0, 1, 0, 0, 0, 1, 26.669401, -0.101201296, 24.56941)

[node name="NPC13" parent="ppl" instance=ExtResource("6_p06u6")]
transform = Transform3D(1, 0, 0, 0, 1, 0, 0, 0, 1, 25.564924, -0.101201296, 20.317705)

[node name="NPC14" parent="ppl" instance=ExtResource("6_p06u6")]
transform = Transform3D(1, 0, 0, 0, 1, 0, 0, 0, 1, 23.861525, -0.10120034, 22.682632)

[node name="NPC15" parent="ppl" instance=ExtResource("6_p06u6")]
transform = Transform3D(1, 0, 0, 0, 1, 0, 0, 0, 1, 27.84448, -0.10120034, 20.885157)

[node name="NPC16" parent="ppl" instance=ExtResource("6_p06u6")]
transform = Transform3D(1, 0, 0, 0, 1, 0, 0, 0, 1, 0.8375797, 0.25834632, 4.4361715)

[node name="drug dealer" parent="ppl" instance=ExtResource("6_p06u6")]
transform = Transform3D(1, 0, 0, 0, 1, 0, 0, 0, 1, -10.73238, 0.24562073, 18.487236)

[node name="DrugdealerDialogInteraction4" parent="ppl/drug dealer" instance=ExtResource("8_31pye")]
transform = Transform3D(1, 0, 0, 0, 1, 0, 0, 0, 1, -0.5180378, -0.2583468, -0.21948242)
HandledDialog = ExtResource("9_0shv6")

[node name="TextBox" parent="ppl/drug dealer/DrugdealerDialogInteraction4" index="1"]
transform = Transform3D(0.004, 0, 0, 0, 0.004, 0, 0, 0, 0.004, 0.08434272, 2.7631838, 0.26993406)

[node name="SpellTrigger" parent="ppl/drug dealer" instance=ExtResource("10_wb7md")]
transform = Transform3D(1, 0, 0, 0, 0.99999994, 0, 0, 0, 1, 0.040634155, -0.25834656, -3.7030907)

[node name="CollisionShape3D" parent="ppl/drug dealer/SpellTrigger" index="0"]
transform = Transform3D(1, 0, 0, 0, 1, 0, 0, 0, 1, 0.36839867, 0.53518677, 0.30957794)

[node name="Props" type="Node3D" parent="ppl/drug dealer/SpellTrigger"]

[node name="prop1" type="StaticBody3D" parent="ppl/drug dealer/SpellTrigger/Props"]
transform = Transform3D(1.0115354, 0, 0, 0, 0.7019139, 0, 0, 0, 0.8854766, 0.11069298, 0.5712978, 0.5957346)

[node name="MeshInstance3D" type="MeshInstance3D" parent="ppl/drug dealer/SpellTrigger/Props/prop1"]
material_override = ExtResource("10_5myj6")
mesh = SubResource("BoxMesh_x2qou")

[node name="CollisionShape3D" type="CollisionShape3D" parent="ppl/drug dealer/SpellTrigger/Props/prop1"]
shape = SubResource("BoxShape3D_xbyy0")

[node name="prop2" type="StaticBody3D" parent="ppl/drug dealer/SpellTrigger/Props"]
transform = Transform3D(0.7094828, 0, 0, 0, 0.7019139, 0, 0, 0, 0.58342403, 0.3025875, 0.48351246, -0.15840626)

[node name="MeshInstance3D" type="MeshInstance3D" parent="ppl/drug dealer/SpellTrigger/Props/prop2"]
material_override = ExtResource("11_wb7md")
mesh = SubResource("BoxMesh_x2qou")

[node name="CollisionShape3D" type="CollisionShape3D" parent="ppl/drug dealer/SpellTrigger/Props/prop2"]
shape = SubResource("BoxShape3D_xbyy0")

[node name="prop3" type="StaticBody3D" parent="ppl/drug dealer/SpellTrigger/Props"]
transform = Transform3D(0.26709872, 0, 0, 0, 0.29004154, 0, 0, 0, 0.4055618, 0.69863605, 0.40088552, 0.7568512)

[node name="MeshInstance3D" type="MeshInstance3D" parent="ppl/drug dealer/SpellTrigger/Props/prop3"]
material_override = ExtResource("12_871se")
mesh = SubResource("BoxMesh_x2qou")

[node name="CollisionShape3D" type="CollisionShape3D" parent="ppl/drug dealer/SpellTrigger/Props/prop3"]
shape = SubResource("BoxShape3D_xbyy0")

[node name="prop4" type="StaticBody3D" parent="ppl/drug dealer/SpellTrigger/Props"]
transform = Transform3D(0.26709872, 0, 0, 0, 0.29004154, 0, 0, 0, 0.4055618, 0.0859108, 1.0643618, 0.7568512)

[node name="MeshInstance3D" type="MeshInstance3D" parent="ppl/drug dealer/SpellTrigger/Props/prop4"]
material_override = ExtResource("12_871se")
mesh = SubResource("BoxMesh_x2qou")

[node name="CollisionShape3D" type="CollisionShape3D" parent="ppl/drug dealer/SpellTrigger/Props/prop4"]
shape = SubResource("BoxShape3D_xbyy0")

[node name="prop5" type="StaticBody3D" parent="ppl/drug dealer/SpellTrigger/Props"]
transform = Transform3D(0.26709872, 0, 0, 0, 0.29004154, 0, 0, 0, 0.19207413, 0.4154396, 1.0004104, 0.07842159)

[node name="MeshInstance3D" type="MeshInstance3D" parent="ppl/drug dealer/SpellTrigger/Props/prop5"]
material_override = ExtResource("13_nm2cg")
mesh = SubResource("BoxMesh_x2qou")

[node name="CollisionShape3D" type="CollisionShape3D" parent="ppl/drug dealer/SpellTrigger/Props/prop5"]
shape = SubResource("BoxShape3D_xbyy0")

[node name="Soldier" parent="ppl" instance=ExtResource("8_bjslr")]
transform = Transform3D(1, 0, 0, 0, 1, 0, 0, 0, 1, 13.31229, 0.36976957, 13.390136)

[node name="Dialog man" parent="ppl" instance=ExtResource("6_p06u6")]
transform = Transform3D(1, 0, 0, 0, 1, 0, 0, 0, 1, -4.645149, 0.001968228, 43.645832)

[node name="Breathing Idle (1)" parent="ppl/Dialog man" index="4"]
AnimationName = "Imported/Idle"

[node name="Physical Bone Hips" parent="ppl/Dialog man/Breathing Idle (1)/GeneralSkeleton/PhysicalBoneSimulator3D" index="0"]
transform = Transform3D(0.80218494, -0.18070403, 0.5690742, 0.47274286, 0.7744055, -0.4204883, -0.3647102, 0.60633516, 0.7066429, 0.019684315, 0.28423864, 0.025543213)
joint_offset = Transform3D(1, 0, 0, 0, 1, 0, 0, 0, 1, 5.00178e-07, 5.475711e-06, 0.05540346)
body_offset = Transform3D(1, 2.2098422e-05, -9.030104e-06, -9.596348e-06, 0.026616007, -0.9996457, -2.1904707e-05, 0.99964565, 0.026616186, 0, 0.055383682, -0.0014801025)

[node name="Physical Bone Spine" parent="ppl/Dialog man/Breathing Idle (1)/GeneralSkeleton/PhysicalBoneSimulator3D" index="1"]
transform = Transform3D(0.8624208, 0.111219205, 0.4938226, 0.5061917, -0.1908189, -0.8410459, 0.00069023814, 0.9753043, -0.22086443, -0.043771744, 0.3619096, 0.00065231323)
joint_offset = Transform3D(1, 0, 0, 0, 1, 0, 0, 0, 1, -9.2412336e-07, 1.4234567e-05, 0.06464142)
body_offset = Transform3D(1, -2.6274938e-07, 1.06078805e-05, 1.061245e-05, 0.026630834, -0.9996453, -2.5203917e-08, 0.9996452, 0.026630878, 2.3841858e-07, 0.06461811, -0.0017356873)

[node name="Physical Bone Chest" parent="ppl/Dialog man/Breathing Idle (1)/GeneralSkeleton/PhysicalBoneSimulator3D" index="2"]
transform = Transform3D(0.8836747, 0.091314286, 0.45910874, 0.45774338, -0.3737532, -0.8067091, 0.09792929, 0.92302233, -0.37207475, -0.10960817, 0.4758707, 0.042430878)
joint_offset = Transform3D(1, 0, 0, 0, 1, 0, 0, 0, 1, 2.201647e-09, 3.883615e-07, 0.07387686)
body_offset = Transform3D(0.9999999, 1.4156103e-07, -2.9802322e-08, 1.4901161e-08, 0.026638865, -0.9996451, -1.6391277e-07, 0.9996449, 0.026638865, 0, 0.07385063, -0.0019683838)

[node name="Physical Bone UpperChest" parent="ppl/Dialog man/Breathing Idle (1)/GeneralSkeleton/PhysicalBoneSimulator3D" index="3"]
transform = Transform3D(0.8963445, 0.06342761, 0.4387979, 0.39950377, -0.54472953, -0.7373374, 0.19225863, 0.8362097, -0.5136049, -0.17999268, 0.5967452, 0.112602234)
joint_offset = Transform3D(1, 0, 0, 0, 1, 0, 0, 0, 1, -4.545456e-07, -1.4330726e-06, 0.08310976)
body_offset = Transform3D(1, -1.6391277e-07, -2.682209e-07, -2.8312206e-07, 0.026638955, -0.999645, 1.7881393e-07, 0.999645, 0.026638955, 4.7683716e-07, 0.08308029, -0.0022125244)

[node name="Physical Bone Neck" parent="ppl/Dialog man/Breathing Idle (1)/GeneralSkeleton/PhysicalBoneSimulator3D" index="4"]
transform = Transform3D(-0.90545774, -0.15258598, 0.3960605, -0.39739364, 0.6325326, -0.6648164, -0.14907953, -0.759355, -0.6333682, -0.23579025, 0.6904767, 0.18621063)
joint_offset = Transform3D(1, 0, 0, 0, 1, 0, 0, 0, 1, 4.287534e-06, 4.591886e-06, 0.048812974)
body_offset = Transform3D(-1, 5.2154064e-08, -8.195639e-08, -7.450581e-09, 0.09462336, -0.9955131, 0, -0.9955131, -0.09462324, 4.2915344e-06, 0.04859352, 0.004623413)

[node name="Physical Bone Head" parent="ppl/Dialog man/Breathing Idle (1)/GeneralSkeleton/PhysicalBoneSimulator3D" index="5"]
transform = Transform3D(-0.95061105, -0.19873416, 0.23841847, -0.30964303, 0.55413795, -0.77269167, 0.021443501, -0.80835384, -0.5883063, -0.29821396, 0.86257344, 0.32345963)
joint_offset = Transform3D(1, 0, 0, 0, 1, 0, 0, 0, 1, -4.85422e-07, 1.4251098e-05, 0.18074204)
body_offset = Transform3D(-0.99999994, -5.5879354e-09, -4.749745e-08, 9.313226e-09, 0.09462312, -0.9955132, 3.7252903e-09, -0.9955131, -0.09462303, -4.7683716e-07, 0.17992973, 0.017116547)

[node name="Physical Bone LeftShoulder" parent="ppl/Dialog man/Breathing Idle (1)/GeneralSkeleton/PhysicalBoneSimulator3D" index="6"]
transform = Transform3D(-0.58010834, -0.25789553, -0.7726346, -0.76563764, 0.4963608, 0.40917605, 0.27798086, 0.82892454, -0.48539758, -0.090622425, 0.6354528, 0.1877327)
joint_offset = Transform3D(1, 0, 0, 0, 1, 0, 0, 0, 1, -2.7481292e-07, -1.5087426e-07, 0.071202174)
body_offset = Transform3D(0.9999893, 0.004272759, 0.001745075, -2.9802322e-08, 0.3781156, -0.92575836, -0.0046153814, 0.9257486, 0.37811154, -0.00012397766, 0.06591606, -0.026922226)

[node name="Physical Bone LeftUpperArm" parent="ppl/Dialog man/Breathing Idle (1)/GeneralSkeleton/PhysicalBoneSimulator3D" index="7"]
transform = Transform3D(-0.3063206, -0.31522608, -0.8982206, -0.7610257, 0.64792466, 0.032147016, 0.5718457, 0.6934163, -0.43836784, 0.05622673, 0.60303265, 0.26711273)
joint_offset = Transform3D(1, 0, 0, 0, 1, 0, 0, 0, 1, -2.269866e-06, -8.3539635e-07, 0.1022472)
body_offset = Transform3D(-0.9710585, -0.23761612, -0.024162143, -5.9604645e-08, 0.10116391, -0.99486965, 0.23884138, -0.9660768, -0.09823607, 0.0024681091, 0.10172272, 0.010044098)

[node name="Physical Bone LeftLowerArm" parent="ppl/Dialog man/Breathing Idle (1)/GeneralSkeleton/PhysicalBoneSimulator3D" index="8"]
transform = Transform3D(0.486816, 0.1551595, 0.8596137, -0.22753878, -0.92759806, 0.29629028, 0.8433483, -0.33983424, -0.41626474, 0.03224182, 0.55983055, 0.3680153)
joint_offset = Transform3D(1, 0, 0, 0, 1, 0, 0, 0, 1, 8.3416235e-06, 2.6452908e-06, 0.13473532)
body_offset = Transform3D(-0.07335678, 0.96835274, 0.23856106, -2.9802322e-08, 0.23920548, -0.9709687, -0.99730563, -0.0712271, -0.01754725, -0.032144547, 0.13082314, 0.0023727417)

[node name="Physical Bone LeftHand" parent="ppl/Dialog man/Breathing Idle (1)/GeneralSkeleton/PhysicalBoneSimulator3D" index="9"]
transform = Transform3D(-0.45863467, -0.068465784, 0.88598347, 0.49824947, -0.8453727, 0.19259432, 0.7358001, 0.52977127, 0.42183024, -0.106996536, 0.5148147, 0.41295242)
joint_offset = Transform3D(1, 0, 0, 0, 1, 0, 0, 0, 1, -3.7869904e-07, 5.013826e-07, 0.02643666)
body_offset = Transform3D(-0.015028089, 0.8362359, 0.5481634, 2.1606684e-07, 0.54822534, -0.8363304, -0.99988675, -0.012568444, -0.008238941, -0.014492035, 0.022109509, 0.00021743774)

[node name="Physical Bone LeftThumbMetacarpal" parent="ppl/Dialog man/Breathing Idle (1)/GeneralSkeleton/PhysicalBoneSimulator3D" index="10"]
transform = Transform3D(0.36663502, 0.057235546, 0.9286027, -0.25262654, 0.9667302, 0.040157553, -0.89540976, -0.24931285, 0.36889637, -0.15006256, 0.5088731, 0.394001)
joint_offset = Transform3D(1, 0, 0, 0, 1, 0, 0, 0, 1, 2.5523477e-06, 3.9004954e-07, 0.02115164)
body_offset = Transform3D(-0.9738615, 0.22699176, 0.008229077, -2.0861626e-07, 0.036250614, -0.9999509, -0.22727907, -0.973814, -0.035303205, -0.00017166138, 0.021150589, 0.00074768066)

[node name="Physical Bone LeftThumbProximal" parent="ppl/Dialog man/Breathing Idle (1)/GeneralSkeleton/PhysicalBoneSimulator3D" index="11"]
transform = Transform3D(-0.22716944, 0.2541098, 0.94011825, -0.28285158, -0.9409586, 0.18598892, 0.931874, -0.22366293, 0.2856324, -0.1851778, 0.5049601, 0.38150024)
joint_offset = Transform3D(1, 0, 0, 0, 1, 0, 0, 0, 1, -6.666931e-06, 3.5390258e-07, 0.016461836)
body_offset = Transform3D(0.6258166, -0.77975476, -0.018731624, 1.1920929e-07, 0.023997441, -1.0003198, 0.7803596, 0.6261109, 0.01501742, 0.00031280518, 0.016467094, -0.00024223328)

[node name="Physical Bone LeftThumbDistal" parent="ppl/Dialog man/Breathing Idle (1)/GeneralSkeleton/PhysicalBoneSimulator3D" index="12"]
transform = Transform3D(0.053966902, -0.29917026, 0.9526725, 0.3897118, 0.88471216, 0.25575215, -0.91935426, 0.35746557, 0.16433536, -0.21079683, 0.49918136, 0.37504196)
joint_offset = Transform3D(1, 0, 0, 0, 1, 0, 0, 0, 1, 1.5060068e-06, -5.5537676e-06, 0.010644039)
body_offset = Transform3D(-0.48895723, 0.8522652, 0.18615893, -1.2218952e-06, 0.21320815, -0.977594, -0.8727625, -0.4781353, -0.10423775, -0.0019760132, 0.010406733, 0.0011081696)

[node name="Physical Bone LeftIndexProximal" parent="ppl/Dialog man/Breathing Idle (1)/GeneralSkeleton/PhysicalBoneSimulator3D" index="13"]
transform = Transform3D(0.44970268, 0.41843048, 0.7891029, -0.5597743, -0.5564099, 0.6140528, 0.696003, -0.71786076, -0.015992403, -0.20101166, 0.45680237, 0.39271545)
joint_offset = Transform3D(1, 0, 0, 0, 1, 0, 0, 0, 1, -1.2957316e-06, 4.1280873e-07, 0.013109007)
body_offset = Transform3D(0.99916744, 0.040529966, 0.004607956, 1.1175871e-08, 0.112966016, -0.99359876, -0.040791094, 0.9927716, 0.11287201, -5.9127808e-05, 0.013025045, -0.0014801025)

[node name="Physical Bone LeftIndexIntermediate" parent="ppl/Dialog man/Breathing Idle (1)/GeneralSkeleton/PhysicalBoneSimulator3D" index="14"]
transform = Transform3D(-0.6091058, -0.5580841, 0.5635001, 0.6045949, 0.13308851, 0.78533596, -0.5132789, 0.81904197, 0.25634974, -0.21875906, 0.4384436, 0.3895607)
joint_offset = Transform3D(1, 0, 0, 0, 1, 0, 0, 0, 1, -2.5812697e-06, -3.3156248e-06, 0.01313014)
body_offset = Transform3D(-0.9792625, 0.20249754, 0.006250277, 0, 0.030851424, -0.9995238, -0.2025941, -0.97879636, -0.030211568, -8.392334e-05, 0.013123989, 0.00039291382)

[node name="Physical Bone LeftIndexDistal" parent="ppl/Dialog man/Breathing Idle (1)/GeneralSkeleton/PhysicalBoneSimulator3D" index="15"]
transform = Transform3D(-0.52526104, -0.8506428, -0.022533286, 0.54131925, -0.35445493, 0.7624534, -0.6565625, 0.3882894, 0.6466507, -0.22598314, 0.42226866, 0.38121796)
joint_offset = Transform3D(1, 0, 0, 0, 1, 0, 0, 0, 1, -6.077258e-06, 2.591405e-07, 0.007693837)
body_offset = Transform3D(-0.99943566, 0.029486477, 0.016067177, 0, 0.47847763, -0.8780994, -0.033579826, -0.87760437, -0.47820777, -0.0001296997, 0.006755829, 0.0036792755)

[node name="Physical Bone LeftMiddleProximal" parent="ppl/Dialog man/Breathing Idle (1)/GeneralSkeleton/PhysicalBoneSimulator3D" index="16"]
transform = Transform3D(-0.7926021, 0.024435993, 0.60924935, 0.5744093, -0.30525845, 0.7595205, 0.20453815, 0.951956, 0.22791225, -0.18768597, 0.43769178, 0.41086578)
joint_offset = Transform3D(1, 0, 0, 0, 1, 0, 0, 0, 1, -1.3794488e-06, 1.5743499e-06, 0.014169078)
body_offset = Transform3D(-0.5707841, 0.82086146, 0.019776016, 3.7252903e-09, 0.024084792, -0.99970955, -0.8210997, -0.5706187, -0.013747111, -0.0002822876, 0.014164925, 0.00019454956)

[node name="Physical Bone LeftMiddleIntermediate" parent="ppl/Dialog man/Breathing Idle (1)/GeneralSkeleton/PhysicalBoneSimulator3D" index="17"]
transform = Transform3D(-0.34819448, 0.83639514, 0.42332467, -0.23389733, -0.5148164, 0.8247764, 0.9077735, 0.18816808, 0.3748868, -0.20218992, 0.41549608, 0.40244675)
joint_offset = Transform3D(1, 0, 0, 0, 1, 0, 0, 0, 1, -6.6298962e-06, 2.9352232e-06, 0.013862485)
body_offset = Transform3D(0.56767285, 0.82303894, 0.018809557, 1.4901161e-07, 0.0228476, -0.9997386, -0.82325387, 0.5675247, 0.012969986, -0.0002593994, 0.013858795, -0.00018692017)

[node name="Physical Bone LeftMiddleDistal" parent="ppl/Dialog man/Breathing Idle (1)/GeneralSkeleton/PhysicalBoneSimulator3D" index="18"]
transform = Transform3D(-0.5979051, 0.7797415, 0.1857759, -0.32203653, -0.4459116, 0.8351379, 0.7340314, 0.4395066, 0.517718, -0.20969343, 0.3966617, 0.39265823)
joint_offset = Transform3D(1, 0, 0, 0, 1, 0, 0, 0, 1, 3.9533006e-06, -5.9607355e-06, 0.008855643)
body_offset = Transform3D(0.36981612, 0.9289106, 0.018983036, 1.1920929e-07, 0.02043143, -0.99979085, -0.9291048, 0.36973894, 0.007555872, -0.00016403198, 0.008853912, -6.1035156e-05)

[node name="Physical Bone LeftRingProximal" parent="ppl/Dialog man/Breathing Idle (1)/GeneralSkeleton/PhysicalBoneSimulator3D" index="19"]
transform = Transform3D(0.2923086, 0.7655182, 0.573182, -0.48627192, -0.39711496, 0.7783568, 0.82346547, -0.5062427, 0.25616986, -0.17302608, 0.41697904, 0.4292755)
joint_offset = Transform3D(1, 0, 0, 0, 1, 0, 0, 0, 1, 1.4152611e-06, 5.1503303e-06, 0.01294077)
body_offset = Transform3D(0.9664272, 0.2554469, 0.027649477, 0, 0.107611015, -0.99419284, -0.2569389, 0.96081537, 0.10399829, -0.0003604889, 0.0128650665, -0.0013504028)

[node name="Physical Bone LeftRingIntermediate" parent="ppl/Dialog man/Breathing Idle (1)/GeneralSkeleton/PhysicalBoneSimulator3D" index="20"]
transform = Transform3D(-0.94233614, -0.29288313, 0.16193248, 0.2936717, -0.49161246, 0.81980133, -0.16049792, 0.8200834, 0.5492757, -0.18244648, 0.39672998, 0.41913986)
joint_offset = Transform3D(1, 0, 0, 0, 1, 0, 0, 0, 1, 7.081835e-07, 1.8014689e-06, 0.012413508)
body_offset = Transform3D(-0.7401372, 0.67150486, 0.03574547, -2.6077032e-07, 0.053156257, -0.99858606, -0.6724557, -0.7390909, -0.0393427, -0.00044441223, 0.012395859, 0.0004901886)

[node name="Physical Bone LeftRingDistal" parent="ppl/Dialog man/Breathing Idle (1)/GeneralSkeleton/PhysicalBoneSimulator3D" index="21"]
transform = Transform3D(-0.60460037, -0.6451122, -0.4672137, 0.4324624, -0.758438, 0.4875942, -0.6689056, 0.09274729, 0.73753864, -0.18112469, 0.3830679, 0.40705872)
joint_offset = Transform3D(1, 0, 0, 0, 1, 0, 0, 0, 1, 1.5405822e-06, 2.4950132e-06, 0.0071328133)
body_offset = Transform3D(-0.9928359, 0.10868085, 0.049646318, -8.940697e-08, 0.415508, -0.9095892, -0.11948359, -0.9030731, -0.41253138, -0.0003528595, 0.0064868927, 0.0029449463)

[node name="Physical Bone RightShoulder" parent="ppl/Dialog man/Breathing Idle (1)/GeneralSkeleton/PhysicalBoneSimulator3D" index="22"]
transform = Transform3D(-0.1905747, -0.8200266, 0.5396645, 0.27694136, 0.4824997, 0.8309619, -0.94179875, 0.30781567, 0.13514704, -0.3014922, 0.5488037, 0.12387848)
joint_offset = Transform3D(1, 0, 0, 0, 1, 0, 0, 0, 1, 9.706244e-06, 8.009374e-07, 0.07151694)
body_offset = Transform3D(0.97026753, 0.22307575, 0.09390384, -1.21071935e-08, 0.38797715, -0.921669, -0.24203458, 0.89426553, 0.37644166, -0.0067253113, 0.06591463, -0.026920319)

