[gd_scene load_steps=14 format=3 uid="uid://c0yhp8gkhcxyi"]

[ext_resource type="PackedScene" uid="uid://dqimce2w08agx" path="res://models/Bartosz/Character.fbx" id="1_v0rqm"]
[ext_resource type="AnimationLibrary" uid="uid://dsjws6w8j4i27" path="res://models/Bartosz/Imported.res" id="2_2pay1"]
[ext_resource type="Script" uid="uid://dm7qti2fai4ji" path="res://models/Bartosz/DefaultAnimationPlayer.cs" id="2_c3uy2"]
[ext_resource type="Material" uid="uid://nbtabwi4c0lq" path="res://materials/7.tres" id="3_bkxcm"]
[ext_resource type="Script" uid="uid://vinmoghxld5t" path="res://models/Bartosz/NPCColourPicker.cs" id="4_j4sh7"]
[ext_resource type="ColorPalette" uid="uid://e6k7u37burv3" path="res://GameColorPallette.tres" id="5_ckr48"]
[ext_resource type="Material" uid="uid://b06se00xklukt" path="res://materials/30.tres" id="6_i6kcq"]
[ext_resource type="PackedScene" uid="uid://bayirk2cm5kre" path="res://models/Bartosz/Woman/shawl.tscn" id="7_j4sh7"]

[sub_resource type="CapsuleShape3D" id="CapsuleShape3D_r7i6b"]
radius = 0.031
height = 0.107

[sub_resource type="CapsuleShape3D" id="CapsuleShape3D_ckr48"]
radius = 0.014222957
height = 0.14222957

[sub_resource type="CapsuleShape3D" id="CapsuleShape3D_bkxcm"]
radius = 0.01330168
height = 0.1330168

[sub_resource type="CapsuleShape3D" id="CapsuleShape3D_j4sh7"]
radius = 0.015201931
height = 0.1520193

[sub_resource type="CapsuleShape3D" id="CapsuleShape3D_i6kcq"]
radius = 0.017102165
height = 0.17102166

[node name="Character" instance=ExtResource("1_v0rqm")]
script = ExtResource("2_c3uy2")
AnimationName_Idle = "Imported/Idle"
AnimationName_Walk = "Imported/Walk"
AnimationName_Dance = "Imported/Breakdance"
DefaultAnimation = "Imported/Idle"

[node name="GeneralSkeleton" parent="." index="0"]
bones/0/position = Vector3(0.0019761678, 0.75622416, -0.008136652)
bones/0/rotation = Quaternion(0.0070695654, -0.023628764, -0.01579358, 0.99957114)
bones/1/rotation = Quaternion(0.0039500864, 0.016051084, -0.003317624, 0.9998579)
bones/2/rotation = Quaternion(0.007901324, 0.03245416, -0.0068356367, 0.9994187)
bones/3/rotation = Quaternion(0.0079013305, 0.03245416, -0.0068356367, 0.9994187)
bones/4/rotation = Quaternion(0.021509066, -0.016343534, 0.036927722, 0.99895275)
bones/5/rotation = Quaternion(0.0068017393, -0.01956877, -0.00484607, 0.9997736)
bones/7/rotation = Quaternion(0.4939079, 0.4689062, 0.6176982, -0.39323133)
bones/8/rotation = Quaternion(-0.20423906, 0.8425838, -0.49824294, 0.009649321)
bones/9/rotation = Quaternion(0.18451008, -0.5514113, 0.112991184, 0.80568904)
bones/10/rotation = Quaternion(0.033457626, 0.8299373, 0.130054, 0.5414524)
bones/11/rotation = Quaternion(-0.1204379, 0.6420094, 0.1977954, 0.73088694)
bones/12/rotation = Quaternion(0.05815702, 0.029012237, -0.0040932, 0.9978775)
bones/13/scale = Vector3(1.000022, 1, 0.99997807)
bones/15/rotation = Quaternion(0.2861301, 0.0036378496, 0.041777663, 0.9572727)
bones/16/rotation = Quaternion(0.52314454, -0.010007606, 0.041380197, 0.8511799)
bones/17/rotation = Quaternion(0.48882383, 1.1175871e-07, -0.050093114, 0.8709431)
bones/19/rotation = Quaternion(0.44860494, -0.030199455, 0.07865216, 0.88975024)
bones/20/rotation = Quaternion(0.6632489, -0.0047933334, 0.06706244, 0.7453728)
bones/21/rotation = Quaternion(0.32965034, -5.9604645e-08, -0.03378147, 0.94349855)
bones/23/rotation = Quaternion(0.46018916, -0.09151518, 0.023403903, 0.88278157)
bones/24/rotation = Quaternion(0.68237036, 0.0051413784, 0.04741183, 0.7294494)
bones/25/rotation = Quaternion(0.48882392, 8.1956394e-08, -0.050093092, 0.8709431)
bones/27/rotation = Quaternion(0.49561822, -0.4726119, -0.6045469, -0.40684587)
bones/28/rotation = Quaternion(-0.07416944, 0.88486123, -0.43789485, -0.14059818)
bones/29/rotation = Quaternion(0.26819327, 0.6225539, -0.19658375, 0.7084165)
bones/30/rotation = Quaternion(-0.10252451, -0.8080874, -0.07349043, 0.5753979)
bones/31/rotation = Quaternion(-0.19548842, -0.62038976, -0.1955029, 0.7339478)
bones/32/rotation = Quaternion(0.026385678, -0.18528664, -0.1087844, 0.9762882)
bones/33/rotation = Quaternion(0.51642424, -0.15029521, -0.016953317, 0.84287006)
bones/35/rotation = Quaternion(0.41325563, 0.025644055, -0.0004293081, 0.9102538)
bones/36/rotation = Quaternion(0.6049867, 0.02893763, -0.040178556, 0.7946945)
bones/37/rotation = Quaternion(0.3999194, 7.4505806e-08, 0.03257844, 0.91597116)
bones/39/rotation = Quaternion(0.4787414, 0.043024674, -0.020049052, 0.8766719)
bones/40/rotation = Quaternion(0.6429656, 0.03490074, -0.051182743, 0.7633856)
bones/41/rotation = Quaternion(0.39516357, -1.4901161e-08, 0.03219101, 0.9180466)
bones/43/rotation = Quaternion(0.46609986, 0.014312834, -0.045353062, 0.8834531)
bones/44/rotation = Quaternion(0.69317824, -0.017334329, -0.062388495, 0.71785176)
bones/45/rotation = Quaternion(0.46728382, 1.0430813e-07, 0.03806609, 0.8832875)
bones/47/rotation = Quaternion(0.03688745, 0.35088548, 0.9354509, -0.021220006)
bones/48/rotation = Quaternion(-0.017455222, 0.9871247, -0.15797094, 0.01803778)
bones/49/rotation = Quaternion(0.00029228424, 0.6915086, -0.72235864, 0.0037339756)
bones/50/rotation = Quaternion(-0.038508993, 0.9958712, 0.07023965, 0.042710554)
bones/52/rotation = Quaternion(-0.10630432, -0.10360189, 0.98885787, 0.011230723)
bones/53/rotation = Quaternion(-0.042678535, 0.97274387, -0.19590354, 0.11648933)
bones/54/rotation = Quaternion(-0.033837628, 0.5963041, -0.8007295, 0.045920756)
bones/55/rotation = Quaternion(0.015672598, 0.98797643, 0.15378831, -0.002506747)

[node name="Hat" parent="GeneralSkeleton" index="0"]
surface_material_override/0 = ExtResource("3_bkxcm")

[node name="NPCBody" parent="GeneralSkeleton" index="1"]
script = ExtResource("4_j4sh7")
_colorPalette = ExtResource("5_ckr48")
_skinColorsWhitelist = Array[int]([3, 4, 6, 7, 8, 9, 10, 12, 13])

[node name="Sandals" parent="GeneralSkeleton" index="2"]
surface_material_override/0 = ExtResource("6_i6kcq")

[node name="PhysicalBoneSimulator3DNew" type="PhysicalBoneSimulator3D" parent="GeneralSkeleton" index="3"]
active = false

[node name="Physical Bone Hips" type="PhysicalBone3D" parent="GeneralSkeleton/PhysicalBoneSimulator3DNew" index="0"]
transform = Transform3D(0.99912274, -0.022091428, -0.035577077, -0.026711592, -0.99046874, -0.13512339, -0.03225291, 0.13595518, -0.99018985, -0.006973758, 0.84053475, -0.06789078)
collision_layer = 64
collision_mask = 11
joint_offset = Transform3D(1, 0, 0, 0, 1, 0, 0, 0, 1, 0.0023306932, 0.07737395, -0.07193513)
body_offset = Transform3D(0.9998253, 0.0005681508, -0.018689454, -0.0010283915, -0.9963545, -0.08530441, -0.018669784, 0.0853087, -0.99617976, -0.0037186742, 0.0709579, -0.07821748)
mass = 4.54
linear_damp = 24.204
angular_damp = 28.025
bone_name = "Hips"

[node name="CollisionShape3D" type="CollisionShape3D" parent="GeneralSkeleton/PhysicalBoneSimulator3DNew/Physical Bone Hips" index="0"]
transform = Transform3D(7.3528314, 5.4312853e-08, -1.2521388e-08, 1.4758768e-08, 0, 4.1870284, -4.5198725e-08, -6.7760744, 7.512833e-08, 0.0035703918, -0.01141538, 0.44613934)
shape = SubResource("CapsuleShape3D_r7i6b")

[node name="Physical Bone RightShoulder" type="PhysicalBone3D" parent="GeneralSkeleton/PhysicalBoneSimulator3DNew" index="1"]
transform = Transform3D(0.33868605, -0.28766266, 0.89584714, 0.9392212, 0.046519544, -0.34014642, 0.05617302, 0.9566014, 0.28593436, -0.34593073, 0.9354861, 0.2764141)
collision_layer = 64
collision_mask = 11
joint_type = 3
joint_offset = Transform3D(1, 0, 0, 0, 1, 0, 0, 0, 1, 0.44087735, -0.3394122, 0.04696609)
body_offset = Transform3D(-0.010109518, -0.9596449, -0.28103325, -0.2992902, 0.2710676, -0.91484857, 0.9541087, 0.074861854, -0.28995275, -0.3080591, 0.26692078, -0.38161796)
linear_damp = 5.0
angular_damp = 5.0
bone_name = "RightShoulder"
joint_constraints/angular_limit_enabled = true
joint_constraints/angular_limit_upper = 51.899994
joint_constraints/angular_limit_lower = -30.4
joint_constraints/angular_limit_bias = 0.3
joint_constraints/angular_limit_softness = 0.9
joint_constraints/angular_limit_relaxation = 1.0

[node name="CollisionShape3D" type="CollisionShape3D" parent="GeneralSkeleton/PhysicalBoneSimulator3DNew/Physical Bone RightShoulder" index="0"]
transform = Transform3D(4.635048, 0, 0, 0, 0, 2.9802644, 0, -0.99999994, 0, 0, 0, 0)
shape = SubResource("CapsuleShape3D_ckr48")

[node name="Physical Bone Spine2" type="PhysicalBone3D" parent="GeneralSkeleton/PhysicalBoneSimulator3DNew" index="2"]
transform = Transform3D(0.9977288, -0.03857619, -0.05521877, -0.043974254, -0.99400115, -0.10013999, -0.0510245, 0.10234075, -0.99344, -0.0060238, 0.84637535, -0.01402868)
collision_layer = 64
collision_mask = 11
joint_type = 3
joint_offset = Transform3D(1, 0, 0, 0, 1, 0, 0, 0, 1, 0.0021551976, -0.038828798, -0.02298549)
body_offset = Transform3D(0.9990574, -0.014712698, -0.040841743, -0.017827408, -0.9968735, -0.076977864, -0.039581493, 0.077633396, -0.996196, -0.0036632102, -0.040438354, -0.019798338)
linear_damp = 3.822
angular_damp = 5.732
bone_name = "Spine"
joint_constraints/angular_limit_enabled = true
joint_constraints/angular_limit_upper = 9.999997
joint_constraints/angular_limit_lower = -9.999997
joint_constraints/angular_limit_bias = 0.3
joint_constraints/angular_limit_softness = 0.9
joint_constraints/angular_limit_relaxation = 1.0

[node name="CollisionShape3D" type="CollisionShape3D" parent="GeneralSkeleton/PhysicalBoneSimulator3DNew/Physical Bone Spine2" index="0"]
transform = Transform3D(1, 0, 0, 0, 0, 1, 0, -1, 0, 0, 0, 0)
shape = SubResource("CapsuleShape3D_bkxcm")

[node name="Physical Bone Chest" type="PhysicalBone3D" parent="GeneralSkeleton/PhysicalBoneSimulator3DNew" index="3"]
transform = Transform3D(0.9952257, -0.063930586, -0.07374773, -0.06735013, -0.9967208, -0.04485045, -0.07063859, 0.04960323, -0.9962679, 0.0036779474, 0.8548591, 0.122509785)
collision_layer = 64
collision_mask = 11
joint_type = 3
joint_offset = Transform3D(1, 0, 0, 0, -4.371139e-08, -1, 0, 1, -4.371139e-08, -0.0038112663, -0.17066258, 0.117103234)
joint_rotation = Vector3(1.5707964, 0, 0)
body_offset = Transform3D(0.9958115, -0.039430577, -0.08249222, -0.043374654, -0.9979726, -0.04657817, -0.08048836, 0.049961135, -0.99550277, 0.0067260843, -0.16502744, 0.12479632)
linear_damp = 1.885
angular_damp = 3.822
bone_name = "Chest"
joint_constraints/angular_limit_enabled = true
joint_constraints/angular_limit_upper = 19.999994
joint_constraints/angular_limit_lower = -19.999994
joint_constraints/angular_limit_bias = 0.3
joint_constraints/angular_limit_softness = 0.9
joint_constraints/angular_limit_relaxation = 1.0

[node name="CollisionShape3D" type="CollisionShape3D" parent="GeneralSkeleton/PhysicalBoneSimulator3DNew/Physical Bone Chest" index="0"]
transform = Transform3D(1, 0, 0, 0, 0, 1, 0, -1, 0, 0, 0, 0)
shape = SubResource("CapsuleShape3D_j4sh7")

[node name="Physical Bone UpperChest" type="PhysicalBone3D" parent="GeneralSkeleton/PhysicalBoneSimulator3DNew" index="4"]
transform = Transform3D(0.99169534, -0.090914994, -0.090966165, -0.09035256, -0.9958567, 0.010290542, -0.091524825, -0.0019860566, -0.99580085, 0.019836001, 0.85125947, 0.27382582)
collision_layer = 64
collision_mask = 11
joint_type = 3
joint_offset = Transform3D(1, 0, 0, 0, 1, 0, 0, 0, 1, -0.017153896, -0.31746286, 0.28391942)
body_offset = Transform3D(0.990119, -0.067936435, -0.12267575, -0.07043296, -0.9973863, -0.016125027, -0.12125961, 0.02460611, -0.9923158, 0.03024713, -0.31326312, 0.2874692)
linear_damp = 5.0
angular_damp = 5.0
bone_name = "UpperChest"
joint_constraints/angular_limit_enabled = true
joint_constraints/angular_limit_upper = 19.999994
joint_constraints/angular_limit_lower = -9.999997
joint_constraints/angular_limit_bias = 0.3
joint_constraints/angular_limit_softness = 0.9
joint_constraints/angular_limit_relaxation = 1.0

[node name="CollisionShape3D" type="CollisionShape3D" parent="GeneralSkeleton/PhysicalBoneSimulator3DNew/Physical Bone UpperChest" index="0"]
transform = Transform3D(1, 0, 0, 0, 0, 1, 0, -1, 0, 0, 0, 0)
shape = SubResource("CapsuleShape3D_i6kcq")

[node name="BoneAttachment3D" type="BoneAttachment3D" parent="GeneralSkeleton" index="4"]
transform = Transform3D(0.9992064, 0.007475635, 0.039124977, -0.002884531, 0.9932323, -0.11610991, -0.039728194, 0.115904905, 0.9924655, 0.029590707, 1.4286022, 0.015299631)
bone_name = "Head"
bone_idx = 5

[node name="Node3D" type="Node3D" parent="GeneralSkeleton/BoneAttachment3D" index="0"]

[node name="Shawl" parent="GeneralSkeleton/BoneAttachment3D/Node3D" index="0" instance=ExtResource("7_j4sh7")]
transform = Transform3D(1, 0, 0, 0, 1, 0, 0, 0, 1, 0, -1.44, 0)

[node name="AnimationPlayer" type="AnimationPlayer" parent="." index="1"]
libraries = {
&"Imported": ExtResource("2_2pay1")
}
