[gd_scene load_steps=13 format=3 uid="uid://c0yhp8gkhcxyi"]

[ext_resource type="PackedScene" uid="uid://dqimce2w08agx" path="res://models/Bartosz/Character.fbx" id="1_v0rqm"]
[ext_resource type="AnimationLibrary" uid="uid://dsjws6w8j4i27" path="res://models/Bartosz/Imported.res" id="2_2pay1"]
[ext_resource type="Script" uid="uid://dm7qti2fai4ji" path="res://models/Bartosz/DefaultAnimationPlayer.cs" id="2_c3uy2"]
[ext_resource type="Material" uid="uid://nbtabwi4c0lq" path="res://materials/7.tres" id="3_bkxcm"]
[ext_resource type="Script" uid="uid://vinmoghxld5t" path="res://models/Bartosz/NPCColourPicker.cs" id="4_j4sh7"]
[ext_resource type="ColorPalette" path="res://GameColorPallette.tres" id="5_ckr48"]
[ext_resource type="Material" path="res://materials/30.tres" id="6_i6kcq"]

[sub_resource type="CapsuleShape3D" id="CapsuleShape3D_r7i6b"]
radius = 0.031
height = 0.107

[sub_resource type="CapsuleShape3D" id="CapsuleShape3D_ckr48"]
radius = 0.014222957
height = 0.14222957

[sub_resource type="CapsuleShape3D" id="CapsuleShape3D_bkxcm"]
radius = 0.01330168
height = 0.1330168

[sub_resource type="CapsuleShape3D" id="CapsuleShape3D_j4sh7"]
radius = 0.015201931
height = 0.1520193

[sub_resource type="CapsuleShape3D" id="CapsuleShape3D_i6kcq"]
radius = 0.017102165
height = 0.17102166

[node name="Character" instance=ExtResource("1_v0rqm")]
script = ExtResource("2_c3uy2")
AnimationName_Idle = "Imported/Idle"
AnimationName_Walk = "Imported/Walk"
AnimationName_Dance = "Imported/Breakdance"
AnimationName_Sick = "Imported/Sick"
AnimationName_Attack = "Imported/Strike"
DefaultAnimation = "Imported/Idle"
Sick_Y_offset = -0.85

[node name="GeneralSkeleton" parent="." index="0"]
bones/0/position = Vector3(-0.015150866, 0.74551207, -0.12534504)
bones/0/rotation = Quaternion(0.067452915, -0.85557604, 0.09804958, 0.50381154)
bones/1/rotation = Quaternion(0.06457673, -0.04244069, -0.030080108, 0.996556)
bones/2/rotation = Quaternion(0.06310426, -0.036343545, -0.0198983, 0.9971464)
bones/3/rotation = Quaternion(0.064059965, -0.03436948, -0.020180231, 0.9971499)
bones/4/rotation = Quaternion(0.08765287, 0.11535872, -0.020133471, 0.98924416)
bones/5/rotation = Quaternion(-0.07366811, 0.56911695, -0.09116906, 0.8138594)
bones/7/rotation = Quaternion(0.37708434, 0.56771415, 0.6417014, -0.35174906)
bones/8/rotation = Quaternion(0.61243635, 0.7559235, -0.20743425, 0.10233481)
bones/9/rotation = Quaternion(0.37934196, -0.56622726, 0.39546078, 0.61570877)
bones/10/rotation = Quaternion(-0.16344033, 0.59708667, 0.41753092, 0.66516364)
bones/11/rotation = Quaternion(-0.21331625, 0.67091984, 0.27037194, 0.6567053)
bones/12/rotation = Quaternion(0.31514353, 0.06519732, 0.06971038, 0.9442322)
bones/13/rotation = Quaternion(0.5597164, 0.18423794, -0.008090557, 0.80790377)
bones/13/scale = Vector3(1.0000112, 1, 0.9999891)
bones/15/rotation = Quaternion(0.4872701, -0.0095528215, -0.06816465, 0.8705344)
bones/16/rotation = Quaternion(0.7347525, -3.72529e-08, -0.07529532, 0.6741435)
bones/17/rotation = Quaternion(0.48882383, 1.1175871e-07, -0.050093114, 0.8709431)
bones/19/rotation = Quaternion(0.48727003, -0.009552749, -0.06816463, 0.87053454)
bones/20/rotation = Quaternion(0.73674846, -5.9604645e-08, -0.075499594, 0.67193866)
bones/21/rotation = Quaternion(0.32965034, -5.9604645e-08, -0.03378147, 0.94349855)
bones/23/rotation = Quaternion(0.5020109, -0.009861328, -0.06950849, 0.8620072)
bones/24/rotation = Quaternion(0.6664403, -9.313226e-08, -0.06829485, 0.74242395)
bones/25/rotation = Quaternion(0.48882392, 8.1956394e-08, -0.050093092, 0.8709431)
bones/27/rotation = Quaternion(0.40010023, -0.58252907, -0.51196885, -0.48833156)
bones/28/rotation = Quaternion(0.061571676, 0.9711795, -0.08641511, -0.21342881)
bones/29/rotation = Quaternion(0.7774729, 0.455883, -0.36766908, 0.22918564)
bones/30/rotation = Quaternion(0.2836731, -0.62693393, -0.20289929, 0.69664586)
bones/31/rotation = Quaternion(-0.2143907, -0.6645892, -0.29245165, 0.65332216)
bones/32/rotation = Quaternion(0.22945093, -0.08306561, -0.007869603, 0.9697374)
bones/33/rotation = Quaternion(0.51642424, -0.15029521, -0.016953317, 0.84287006)
bones/35/rotation = Quaternion(0.53809446, 0.010365604, 0.06082236, 0.84062326)
bones/36/rotation = Quaternion(0.6996332, 8.1956365e-08, 0.056993797, 0.7122254)
bones/37/rotation = Quaternion(0.3999194, 7.4505806e-08, 0.03257844, 0.91597116)
bones/39/rotation = Quaternion(0.605249, 0.01640872, 0.05924055, 0.7936593)
bones/40/rotation = Quaternion(0.77877396, 1.4156103e-07, 0.06344089, 0.6240884)
bones/41/rotation = Quaternion(0.39516357, -1.4901161e-08, 0.03219101, 0.9180466)
bones/43/rotation = Quaternion(0.5716792, 0.011044121, 0.063122414, 0.817971)
bones/44/rotation = Quaternion(0.7516496, 1.2014063e-07, 0.061231293, 0.6567144)
bones/45/rotation = Quaternion(0.46728382, 1.0430813e-07, 0.03806609, 0.8832875)
bones/47/rotation = Quaternion(0.16493525, 0.28353554, 0.93689585, -0.120956115)
bones/48/rotation = Quaternion(0.018993113, 0.8083528, -0.5881325, -0.017469274)
bones/49/rotation = Quaternion(-0.14143966, 0.65451515, -0.7279563, 0.14725651)
bones/50/rotation = Quaternion(0.008092226, 0.9914619, 0.104164, -0.07802498)
bones/52/rotation = Quaternion(-0.042967387, 0.3852078, 0.92099786, -0.039137766)
bones/53/rotation = Quaternion(-0.029706176, 0.9320086, -0.35841525, 0.044900246)
bones/54/rotation = Quaternion(-0.008655687, 0.64718443, -0.7574736, 0.08550615)
bones/55/rotation = Quaternion(2.9436939e-07, 1, -5.811453e-06, 6.6512996e-08)

[node name="Hat" parent="GeneralSkeleton" index="0"]
surface_material_override/0 = ExtResource("3_bkxcm")

[node name="NPCBody" parent="GeneralSkeleton" index="1"]
script = ExtResource("4_j4sh7")
_colorPalette = ExtResource("5_ckr48")
_skinColorsWhitelist = Array[int]([3, 4, 6, 7, 8, 9, 10, 12, 13])

[node name="Sandals" parent="GeneralSkeleton" index="2"]
surface_material_override/0 = ExtResource("6_i6kcq")

[node name="PhysicalBoneSimulator3DNew" type="PhysicalBoneSimulator3D" parent="GeneralSkeleton" index="3"]
active = false

[node name="Physical Bone Hips" type="PhysicalBone3D" parent="GeneralSkeleton/PhysicalBoneSimulator3DNew" index="0"]
transform = Transform3D(-0.4670951, 0.14074759, 0.87293315, -0.013220216, -0.988251, 0.15226693, 0.88410825, 0.059582777, 0.46346793, 0.037842207, 0.83296067, -0.09867612)
collision_layer = 64
collision_mask = 11
joint_offset = Transform3D(1, 0, 0, 0, 1, 0, 0, 0, 1, 0.0023306918, 0.07737348, -0.07193512)
body_offset = Transform3D(0.99982524, 0.0005681738, -0.018689454, -0.0010283738, -0.9963544, -0.08530444, -0.018669724, 0.085308746, -0.9961796, -0.0037186742, 0.07095742, -0.07821742)
mass = 4.54
linear_damp = 24.204
angular_damp = 28.025
bone_name = "Hips"

[node name="CollisionShape3D" type="CollisionShape3D" parent="GeneralSkeleton/PhysicalBoneSimulator3DNew/Physical Bone Hips" index="0"]
transform = Transform3D(7.3528314, 5.4312853e-08, -1.2521388e-08, 1.4758768e-08, 0, 4.1870284, -4.5198725e-08, -6.7760744, 7.512833e-08, 0.0035703918, -0.01141538, 0.44613934)
shape = SubResource("CapsuleShape3D_r7i6b")

[node name="Physical Bone RightShoulder" type="PhysicalBone3D" parent="GeneralSkeleton/PhysicalBoneSimulator3DNew" index="1"]
transform = Transform3D(-0.741876, -0.58249867, -0.33213735, 0.6407257, -0.46976653, -0.60728085, 0.19771329, -0.66333604, 0.7217304, -0.04272279, 0.83694184, -0.590942)
collision_layer = 64
collision_mask = 11
joint_type = 3
joint_offset = Transform3D(1, 0, 0, 0, 1, 0, 0, 0, 1, 0.4408766, -0.33941197, 0.046965815)
body_offset = Transform3D(-0.0101095885, -0.95964456, -0.28103355, -0.29929012, 0.2710677, -0.9148483, 0.9541084, 0.074861854, -0.28995252, -0.30805877, 0.2669202, -0.3816172)
linear_damp = 5.0
angular_damp = 5.0
bone_name = "RightShoulder"
joint_constraints/angular_limit_enabled = true
joint_constraints/angular_limit_upper = 51.899994
joint_constraints/angular_limit_lower = -30.4
joint_constraints/angular_limit_bias = 0.3
joint_constraints/angular_limit_softness = 0.9
joint_constraints/angular_limit_relaxation = 1.0

[node name="CollisionShape3D" type="CollisionShape3D" parent="GeneralSkeleton/PhysicalBoneSimulator3DNew/Physical Bone RightShoulder" index="0"]
transform = Transform3D(4.635048, 0, 0, 0, 0, 2.9802644, 0, -0.99999994, 0, 0, 0, 0)
shape = SubResource("CapsuleShape3D_ckr48")

[node name="Physical Bone Spine2" type="PhysicalBone3D" parent="GeneralSkeleton/PhysicalBoneSimulator3DNew" index="2"]
transform = Transform3D(-0.49794605, 0.29687566, 0.8148095, -0.10161345, -0.9530796, 0.2851563, 0.86123425, 0.059196845, 0.50474876, -0.005470507, 0.8267861, -0.12313475)
collision_layer = 64
collision_mask = 11
joint_type = 3
joint_offset = Transform3D(1, 0, 0, 0, 1, 0, 0, 0, 1, 0.002155196, -0.038828798, -0.022985533)
body_offset = Transform3D(0.9990573, -0.014712714, -0.040841818, -0.017827407, -0.99687356, -0.07697785, -0.039581537, 0.07763338, -0.99619603, -0.003663212, -0.040438354, -0.019798383)
linear_damp = 3.822
angular_damp = 5.732
bone_name = "Spine"
joint_constraints/angular_limit_enabled = true
joint_constraints/angular_limit_upper = 9.999998
joint_constraints/angular_limit_lower = -9.999998
joint_constraints/angular_limit_bias = 0.3
joint_constraints/angular_limit_softness = 0.9
joint_constraints/angular_limit_relaxation = 1.0

[node name="CollisionShape3D" type="CollisionShape3D" parent="GeneralSkeleton/PhysicalBoneSimulator3DNew/Physical Bone Spine2" index="0"]
transform = Transform3D(1, 0, 0, 0, 0, 1, 0, -1, 0, 0, 0, 0)
shape = SubResource("CapsuleShape3D_bkxcm")

[node name="Physical Bone Chest" type="PhysicalBone3D" parent="GeneralSkeleton/PhysicalBoneSimulator3DNew" index="3"]
transform = Transform3D(-0.4946058, 0.45116195, 0.7428445, -0.16502272, -0.8879133, 0.42939198, 0.85330683, 0.08979358, 0.51361907, -0.09226531, 0.7795699, -0.18978006)
collision_layer = 64
collision_mask = 11
joint_type = 3
joint_offset = Transform3D(1, 0, 0, 0, -4.371139e-08, -1, 0, 1, -4.371139e-08, -0.0038112272, -0.17066173, 0.117103234)
joint_rotation = Vector3(1.5707964, 0, 0)
body_offset = Transform3D(0.99581146, -0.03943053, -0.0824922, -0.043374583, -0.99797267, -0.046578087, -0.080488235, 0.04996111, -0.9955027, 0.006726086, -0.1650266, 0.124796286)
linear_damp = 1.885
angular_damp = 3.822
bone_name = "Chest"
joint_constraints/angular_limit_enabled = true
joint_constraints/angular_limit_upper = 19.999996
joint_constraints/angular_limit_lower = -19.999996
joint_constraints/angular_limit_bias = 0.3
joint_constraints/angular_limit_softness = 0.9
joint_constraints/angular_limit_relaxation = 1.0

[node name="CollisionShape3D" type="CollisionShape3D" parent="GeneralSkeleton/PhysicalBoneSimulator3DNew/Physical Bone Chest" index="0"]
transform = Transform3D(1, 0, 0, 0, 0, 1, 0, -1, 0, 0, 0, 0)
shape = SubResource("CapsuleShape3D_j4sh7")

[node name="Physical Bone UpperChest" type="PhysicalBone3D" parent="GeneralSkeleton/PhysicalBoneSimulator3DNew" index="4"]
transform = Transform3D(-0.47873428, 0.5919606, 0.6483797, -0.22053695, -0.7959095, 0.56381863, 0.84981, 0.12692761, 0.5115784, -0.15223612, 0.7001727, -0.25896162)
collision_layer = 64
collision_mask = 11
joint_type = 3
joint_offset = Transform3D(1, 0, 0, 0, 1, 0, 0, 0, 1, -0.017154012, -0.31746262, 0.2839191)
body_offset = Transform3D(0.990119, -0.06793644, -0.12267572, -0.07043292, -0.99738616, -0.016125001, -0.12125954, 0.024606079, -0.9923158, 0.030247211, -0.31326282, 0.28746885)
linear_damp = 5.0
angular_damp = 5.0
bone_name = "UpperChest"
joint_constraints/angular_limit_enabled = true
joint_constraints/angular_limit_upper = 19.999996
joint_constraints/angular_limit_lower = -9.999998
joint_constraints/angular_limit_bias = 0.3
joint_constraints/angular_limit_softness = 0.9
joint_constraints/angular_limit_relaxation = 1.0

[node name="CollisionShape3D" type="CollisionShape3D" parent="GeneralSkeleton/PhysicalBoneSimulator3DNew/Physical Bone UpperChest" index="0"]
transform = Transform3D(1, 0, 0, 0, 0, 1, 0, -1, 0, 0, 0, 0)
shape = SubResource("CapsuleShape3D_i6kcq")

[node name="AnimationPlayer" type="AnimationPlayer" parent="." index="1"]
libraries = {
&"Imported": ExtResource("2_2pay1")
}
