[gd_scene load_steps=14 format=3 uid="uid://c0yhp8gkhcxyi"]

[ext_resource type="PackedScene" uid="uid://dqimce2w08agx" path="res://models/Bartosz/Character.fbx" id="1_v0rqm"]
[ext_resource type="AnimationLibrary" uid="uid://dsjws6w8j4i27" path="res://models/Bartosz/Imported.res" id="2_2pay1"]
[ext_resource type="Script" uid="uid://dm7qti2fai4ji" path="res://models/Bartosz/DefaultAnimationPlayer.cs" id="2_c3uy2"]
[ext_resource type="Material" uid="uid://nbtabwi4c0lq" path="res://materials/7.tres" id="3_bkxcm"]
[ext_resource type="Script" uid="uid://vinmoghxld5t" path="res://models/Bartosz/NPCColourPicker.cs" id="4_j4sh7"]
[ext_resource type="ColorPalette" uid="uid://e6k7u37burv3" path="res://GameColorPallette.tres" id="5_ckr48"]
[ext_resource type="Material" uid="uid://b06se00xklukt" path="res://materials/30.tres" id="6_i6kcq"]
[ext_resource type="PackedScene" uid="uid://bayirk2cm5kre" path="res://models/Bartosz/Woman/shawl.tscn" id="7_j4sh7"]

[sub_resource type="CapsuleShape3D" id="CapsuleShape3D_r7i6b"]
radius = 0.031
height = 0.107

[sub_resource type="CapsuleShape3D" id="CapsuleShape3D_ckr48"]
radius = 0.014222957
height = 0.14222957

[sub_resource type="CapsuleShape3D" id="CapsuleShape3D_bkxcm"]
radius = 0.01330168
height = 0.1330168

[sub_resource type="CapsuleShape3D" id="CapsuleShape3D_j4sh7"]
radius = 0.015201931
height = 0.1520193

[sub_resource type="CapsuleShape3D" id="CapsuleShape3D_i6kcq"]
radius = 0.017102165
height = 0.17102166

[node name="Character" instance=ExtResource("1_v0rqm")]
script = ExtResource("2_c3uy2")
AnimationName_Idle = "Imported/Idle"
AnimationName_Walk = "Imported/Walk"
AnimationName_Dance = "Imported/Breakdance"
AnimationName_Sick = "Imported/Sick"
AnimationName_Attack = "Imported/Strike"
DefaultAnimation = "Imported/Idle"

[node name="GeneralSkeleton" parent="." index="0"]
bones/0/position = Vector3(0.05020549, 0.25581706, 0.063424274)
bones/0/rotation = Quaternion(-0.42903763, 0.05880957, 0.30895555, 0.8467672)
bones/1/rotation = Quaternion(0.50714874, -0.1777426, -0.054515142, 0.8415675)
bones/2/rotation = Quaternion(0.07873546, -0.05457849, -0.009200647, 0.9953579)
bones/3/rotation = Quaternion(0.079335056, -0.055711042, -0.0029767004, 0.9952856)
bones/4/rotation = Quaternion(0.010998452, 0.016659616, -0.014506636, 0.9996955)
bones/5/rotation = Quaternion(-0.036016926, 0.04550954, -0.08736793, 0.99448407)
bones/7/rotation = Quaternion(0.18415041, 0.6486017, 0.6824871, -0.282163)
bones/8/rotation = Quaternion(-0.20547014, 0.96718657, -0.041629314, 0.14352456)
bones/9/rotation = Quaternion(0.62066424, -0.33878595, 0.62066424, 0.338786)
bones/10/rotation = Quaternion(0.19810566, 0.58728385, -0.03537904, 0.78396446)
bones/11/rotation = Quaternion(-0.28850257, 0.6329693, 0.2073094, 0.687851)
bones/12/rotation = Quaternion(0.10939632, 0.053349257, 0.016510576, 0.9924282)
bones/13/rotation = Quaternion(0.0036751179, 0.0138613125, -0.13040663, 0.9913569)
bones/15/rotation = Quaternion(0.022359028, 9.728968e-05, -0.0228962, 0.9994879)
bones/16/rotation = Quaternion(0.12539183, -7.450581e-08, -0.01284981, 0.9920242)
bones/17/rotation = Quaternion(0.12539135, -2.9802326e-08, -0.01284972, 0.9920242)
bones/19/rotation = Quaternion(0.12740539, -0.0020714996, -0.03355586, 0.9912808)
bones/20/rotation = Quaternion(0.13534164, -5.960465e-08, -0.013869347, 0.9907019)
bones/21/rotation = Quaternion(0.13534148, 1.6391279e-07, -0.013869287, 0.9907019)
bones/23/rotation = Quaternion(0.20948255, -0.0037703956, -0.041720685, 0.97691464)
bones/24/rotation = Quaternion(0.18298362, 1.4901161e-08, -0.01875168, 0.98293716)
bones/25/rotation = Quaternion(0.18298358, 0, -0.018751621, 0.9829371)
bones/27/rotation = Quaternion(0.43719977, -0.53877944, -0.58405405, -0.4212528)
bones/28/rotation = Quaternion(0.08537066, 0.6968669, -0.653968, -0.28180534)
bones/29/rotation = Quaternion(0.23849355, 0.6656732, -0.23849379, 0.6656732)
bones/30/rotation = Quaternion(-0.29557434, -0.7547262, -0.23563465, 0.5361908)
bones/31/rotation = Quaternion(-0.3955264, -0.55758935, -0.21997175, 0.6958918)
bones/32/rotation = Quaternion(0.12864643, -0.06223239, -0.012317599, 0.98965937)
bones/33/rotation = Quaternion(-0.20552151, 0.040848833, 0.12605703, 0.9696402)
bones/35/rotation = Quaternion(-0.40254784, -0.117247224, -0.17051409, 0.89170253)
bones/36/rotation = Quaternion(1.1920929e-07, -1.1920929e-07, 5.9604645e-08, 1)
bones/37/rotation = Quaternion(-8.940698e-08, 2.9802326e-08, -1.192093e-07, 1)
bones/39/rotation = Quaternion(-0.43038905, -0.008247585, -0.015805798, 0.9024675)
bones/40/rotation = Quaternion(5.3048134e-06, 0, 5.364418e-07, 1)
bones/41/rotation = Quaternion(-3.6805868e-06, 0, -3.427267e-07, 1)
bones/43/rotation = Quaternion(-0.421297, 0.035194516, 0.07986022, 0.902714)
bones/44/rotation = Quaternion(0.025048897, 4.4703484e-08, 0.0020405948, 0.9996842)
bones/45/rotation = Quaternion(-0.039198164, -8.940698e-08, -0.0031932895, 0.99922645)
bones/47/rotation = Quaternion(0.51510113, 0.11227494, 0.7912106, 0.30992097)
bones/48/rotation = Quaternion(-0.27430072, 0.36385918, -0.89002573, 0.014826577)
bones/49/rotation = Quaternion(0.119358495, 0.35540515, -0.92697024, 0.012923749)
bones/50/rotation = Quaternion(-9.219623e-09, 0.9889415, 0.14830633, -6.0586096e-08)
bones/52/rotation = Quaternion(-0.20772232, 0.2633204, 0.91303146, -0.23213656)
bones/53/rotation = Quaternion(0.04198459, 0.70564455, -0.69860363, -0.11070748)
bones/54/rotation = Quaternion(-0.17107637, 0.7129244, -0.67879206, -0.041388165)
bones/55/rotation = Quaternion(-6.9147186e-09, 0.95773405, 0.28765532, -9.976951e-08)

[node name="Hat" parent="GeneralSkeleton" index="0"]
surface_material_override/0 = ExtResource("3_bkxcm")

[node name="NPCBody" parent="GeneralSkeleton" index="1"]
script = ExtResource("4_j4sh7")
_colorPalette = ExtResource("5_ckr48")
_skinColorsWhitelist = Array[int]([3, 4, 6, 7, 8, 9, 10, 12, 13])

[node name="Sandals" parent="GeneralSkeleton" index="2"]
surface_material_override/0 = ExtResource("6_i6kcq")

[node name="PhysicalBoneSimulator3DNew" type="PhysicalBoneSimulator3D" parent="GeneralSkeleton" index="3"]
active = false

[node name="Physical Bone Hips" type="PhysicalBone3D" parent="GeneralSkeleton/PhysicalBoneSimulator3DNew" index="0"]
transform = Transform3D(0.9990639, -0.034607198, 0.025955109, -0.032679975, -0.9969179, -0.07132141, 0.028343346, 0.07040643, -0.9971157, 0.0041924366, 0.8283053, -0.08537798)
collision_layer = 64
collision_mask = 11
joint_offset = Transform3D(1, 0, 0, 0, 1, 0, 0, 0, 1, 0.0023306932, 0.07737397, -0.07193513)
body_offset = Transform3D(0.9998251, 0.00056815124, -0.01868946, -0.0010283922, -0.9963544, -0.08530439, -0.018669786, 0.085308686, -0.99617964, -0.0037186742, 0.0709579, -0.07821747)
mass = 4.54
linear_damp = 24.204
angular_damp = 28.025
bone_name = "Hips"

[node name="CollisionShape3D" type="CollisionShape3D" parent="GeneralSkeleton/PhysicalBoneSimulator3DNew/Physical Bone Hips" index="0"]
transform = Transform3D(7.3528314, 5.4312853e-08, -1.2521388e-08, 1.4758768e-08, 0, 4.1870284, -4.5198725e-08, -6.7760744, 7.512833e-08, 0.0035703918, -0.01141538, 0.44613934)
shape = SubResource("CapsuleShape3D_r7i6b")

[node name="Physical Bone RightShoulder" type="PhysicalBone3D" parent="GeneralSkeleton/PhysicalBoneSimulator3DNew" index="1"]
transform = Transform3D(0.15193799, 0.005848157, 0.98837274, 0.9864573, -0.06340235, -0.1512684, 0.061780505, 0.99797094, -0.015402181, -0.14962235, 0.8536798, 0.3138445)
collision_layer = 64
collision_mask = 11
joint_type = 3
joint_offset = Transform3D(1, 0, 0, 0, 1, 0, 0, 0, 1, 0.4408773, -0.33941227, 0.046966113)
body_offset = Transform3D(-0.010109525, -0.95964485, -0.28103334, -0.29929015, 0.27106762, -0.91484857, 0.95410866, 0.07486178, -0.28995255, -0.30805913, 0.26692078, -0.3816179)
linear_damp = 5.0
angular_damp = 5.0
bone_name = "RightShoulder"
joint_constraints/angular_limit_enabled = true
joint_constraints/angular_limit_upper = 51.899994
joint_constraints/angular_limit_lower = -30.4
joint_constraints/angular_limit_bias = 0.3
joint_constraints/angular_limit_softness = 0.9
joint_constraints/angular_limit_relaxation = 1.0

[node name="CollisionShape3D" type="CollisionShape3D" parent="GeneralSkeleton/PhysicalBoneSimulator3DNew/Physical Bone RightShoulder" index="0"]
transform = Transform3D(4.635048, 0, 0, 0, 0, 2.9802644, 0, -0.99999994, 0, 0, 0, 0)
shape = SubResource("CapsuleShape3D_ckr48")

[node name="Physical Bone Spine2" type="PhysicalBone3D" parent="GeneralSkeleton/PhysicalBoneSimulator3DNew" index="2"]
transform = Transform3D(0.9981769, -0.053417195, -0.028098043, -0.054851644, -0.9970851, -0.05303425, -0.025183197, 0.05447879, -0.9981973, 0.00081982603, 0.83035094, -0.030468803)
collision_layer = 64
collision_mask = 11
joint_type = 3
joint_offset = Transform3D(1, 0, 0, 0, 1, 0, 0, 0, 1, 0.0021551964, -0.038828924, -0.022985503)
body_offset = Transform3D(0.99905723, -0.014712684, -0.040841736, -0.017827401, -0.9968734, -0.07697784, -0.039581485, 0.07763338, -0.9961959, -0.0036632102, -0.040438473, -0.019798338)
linear_damp = 3.822
angular_damp = 5.732
bone_name = "Spine"
joint_constraints/angular_limit_enabled = true
joint_constraints/angular_limit_upper = 9.999996
joint_constraints/angular_limit_lower = -9.999996
joint_constraints/angular_limit_bias = 0.3
joint_constraints/angular_limit_softness = 0.9
joint_constraints/angular_limit_relaxation = 1.0

[node name="CollisionShape3D" type="CollisionShape3D" parent="GeneralSkeleton/PhysicalBoneSimulator3DNew/Physical Bone Spine2" index="0"]
transform = Transform3D(1, 0, 0, 0, 0, 1, 0, -1, 0, 0, 0, 0)
shape = SubResource("CapsuleShape3D_bkxcm")

[node name="Physical Bone Chest" type="PhysicalBone3D" parent="GeneralSkeleton/PhysicalBoneSimulator3DNew" index="3"]
transform = Transform3D(0.98717993, -0.088339746, -0.1329357, -0.08933699, -0.9960003, -0.0015441644, -0.13226758, 0.013400444, -0.99112344, 0.015005736, 0.83294624, 0.10740876)
collision_layer = 64
collision_mask = 11
joint_type = 3
joint_offset = Transform3D(1, 0, 0, 0, -4.371139e-08, -1, 0, 1, -4.371139e-08, -0.0038112644, -0.17066252, 0.11710325)
joint_rotation = Vector3(1.5707964, 0, 0)
body_offset = Transform3D(0.99581146, -0.039430596, -0.08249222, -0.043374654, -0.99797255, -0.04657816, -0.08048837, 0.049961135, -0.9955027, 0.0067260824, -0.16502738, 0.12479634)
linear_damp = 1.885
angular_damp = 3.822
bone_name = "Chest"
joint_constraints/angular_limit_enabled = true
joint_constraints/angular_limit_upper = 19.999992
joint_constraints/angular_limit_lower = -19.999992
joint_constraints/angular_limit_bias = 0.3
joint_constraints/angular_limit_softness = 0.9
joint_constraints/angular_limit_relaxation = 1.0

[node name="CollisionShape3D" type="CollisionShape3D" parent="GeneralSkeleton/PhysicalBoneSimulator3DNew/Physical Bone Chest" index="0"]
transform = Transform3D(1, 0, 0, 0, 0, 1, 0, -1, 0, 0, 0, 0)
shape = SubResource("CapsuleShape3D_j4sh7")

[node name="Physical Bone UpperChest" type="PhysicalBone3D" parent="GeneralSkeleton/PhysicalBoneSimulator3DNew" index="4"]
transform = Transform3D(0.9634027, -0.13083194, -0.23396206, -0.12217756, -0.9911881, 0.05117439, -0.23859563, -0.020716628, -0.97089803, 0.059791047, 0.82361555, 0.25606954)
collision_layer = 64
collision_mask = 11
joint_type = 3
joint_offset = Transform3D(1, 0, 0, 0, 1, 0, 0, 0, 1, -0.017153885, -0.317463, 0.28391945)
body_offset = Transform3D(0.9901189, -0.06793641, -0.12267576, -0.07043294, -0.9973861, -0.01612503, -0.121259585, 0.024606105, -0.99231577, 0.030247124, -0.31326318, 0.2874692)
linear_damp = 5.0
angular_damp = 5.0
bone_name = "UpperChest"
joint_constraints/angular_limit_enabled = true
joint_constraints/angular_limit_upper = 19.999992
joint_constraints/angular_limit_lower = -9.999996
joint_constraints/angular_limit_bias = 0.3
joint_constraints/angular_limit_softness = 0.9
joint_constraints/angular_limit_relaxation = 1.0

[node name="CollisionShape3D" type="CollisionShape3D" parent="GeneralSkeleton/PhysicalBoneSimulator3DNew/Physical Bone UpperChest" index="0"]
transform = Transform3D(1, 0, 0, 0, 0, 1, 0, -1, 0, 0, 0, 0)
shape = SubResource("CapsuleShape3D_i6kcq")

[node name="BoneAttachment3D" type="BoneAttachment3D" parent="GeneralSkeleton" index="4"]
transform = Transform3D(0.9506111, -0.25615358, 0.17528258, 0.30964306, 0.8216589, -0.47853717, -0.021443494, 0.5091778, 0.86039436, -0.26691613, 0.73473924, 0.22170573)
bone_name = "Head"
bone_idx = 5

[node name="Node3D" type="Node3D" parent="GeneralSkeleton/BoneAttachment3D" index="0"]

[node name="Shawl" parent="GeneralSkeleton/BoneAttachment3D/Node3D" index="0" instance=ExtResource("7_j4sh7")]
transform = Transform3D(1, 0, 0, 0, 1, 0, 0, 0, 1, 0, -1.44, 0)

[node name="AnimationPlayer" type="AnimationPlayer" parent="." index="1"]
libraries = {
&"Imported": ExtResource("2_2pay1")
}
