[gd_scene load_steps=53 format=3 uid="uid://guuwcgtogcs7"]

[ext_resource type="Script" uid="uid://d4npgftnhjete" path="res://NPC/NPC.cs" id="1_056qb"]
[ext_resource type="Material" uid="uid://cdc0exiu5yafl" path="res://materials/16.tres" id="1_kd6ta"]
[ext_resource type="PackedScene" uid="uid://b6n4nrnt2lhp1" path="res://models/Bartosz/breathing_idle_(1).tscn" id="3_3etx6"]

[sub_resource type="CylinderShape3D" id="CylinderShape3D_056qb"]
height = 9.09
radius = 0.64

[sub_resource type="CapsuleShape3D" id="CapsuleShape3D_ieddu"]

[sub_resource type="CapsuleMesh" id="CapsuleMesh_ieddu"]

[sub_resource type="CapsuleShape3D" id="CapsuleShape3D_3etx6"]
radius = 0.011081357
height = 0.110813566

[sub_resource type="CapsuleShape3D" id="CapsuleShape3D_k1h6f"]
radius = 0.012928249
height = 0.12928249

[sub_resource type="CapsuleShape3D" id="CapsuleShape3D_6swda"]
radius = 0.01477514
height = 0.1477514

[sub_resource type="CapsuleShape3D" id="CapsuleShape3D_rovd1"]
radius = 0.016622033
height = 0.16622034

[sub_resource type="CapsuleShape3D" id="CapsuleShape3D_u08xh"]
radius = 0.009761695
height = 0.09761695

[sub_resource type="CapsuleShape3D" id="CapsuleShape3D_m2dqh"]
radius = 0.03614817
height = 0.38630724

[sub_resource type="CapsuleShape3D" id="CapsuleShape3D_bey1f"]
radius = 0.014239917
height = 0.14239916

[sub_resource type="CapsuleShape3D" id="CapsuleShape3D_hhshi"]
radius = 0.020449279
height = 0.20449279

[sub_resource type="CapsuleShape3D" id="CapsuleShape3D_ecfdr"]
radius = 0.026947025
height = 0.26947024

[sub_resource type="CapsuleShape3D" id="CapsuleShape3D_kx1mh"]
radius = 0.005287489
height = 0.05287489

[sub_resource type="CapsuleShape3D" id="CapsuleShape3D_aei7b"]
radius = 0.004232559
height = 0.04232559

[sub_resource type="CapsuleShape3D" id="CapsuleShape3D_0j1p6"]
radius = 0.0032946658
height = 0.032946657

[sub_resource type="CapsuleShape3D" id="CapsuleShape3D_oj5ba"]
radius = 0.0021300535
height = 0.021300534

[sub_resource type="CapsuleShape3D" id="CapsuleShape3D_wi8x7"]
radius = 0.0026218086
height = 0.026218085

[sub_resource type="CapsuleShape3D" id="CapsuleShape3D_hrnb6"]
radius = 0.0026258451
height = 0.026258452

[sub_resource type="CapsuleShape3D" id="CapsuleShape3D_4tw44"]
radius = 0.0015385211
height = 0.015385211

[sub_resource type="CapsuleShape3D" id="CapsuleShape3D_bv5sb"]
radius = 0.002833715
height = 0.028337149

[sub_resource type="CapsuleShape3D" id="CapsuleShape3D_57gt1"]
radius = 0.0027729708
height = 0.027729709

[sub_resource type="CapsuleShape3D" id="CapsuleShape3D_7hcv7"]
radius = 0.0017710605
height = 0.017710606

[sub_resource type="CapsuleShape3D" id="CapsuleShape3D_jv8fj"]
radius = 0.0025878805
height = 0.025878804

[sub_resource type="CapsuleShape3D" id="CapsuleShape3D_om824"]
radius = 0.0024836902
height = 0.024836902

[sub_resource type="CapsuleShape3D" id="CapsuleShape3D_ugyil"]
radius = 0.001426116
height = 0.01426116

[sub_resource type="CapsuleShape3D" id="CapsuleShape3D_hjrbm"]
radius = 0.0143030975
height = 0.14303097

[sub_resource type="CapsuleShape3D" id="CapsuleShape3D_0ya66"]
radius = 0.020648051
height = 0.2064805

[sub_resource type="CapsuleShape3D" id="CapsuleShape3D_hcthf"]
radius = 0.026955385
height = 0.26955384

[sub_resource type="CapsuleShape3D" id="CapsuleShape3D_eiemk"]
radius = 0.005074489
height = 0.05074489

[sub_resource type="CapsuleShape3D" id="CapsuleShape3D_gmos2"]
radius = 0.0040620593
height = 0.040620595

[sub_resource type="CapsuleShape3D" id="CapsuleShape3D_rw23t"]
radius = 0.0033735055
height = 0.033735055

[sub_resource type="CapsuleShape3D" id="CapsuleShape3D_v8ktv"]
radius = 0.002471602
height = 0.02471602

[sub_resource type="CapsuleShape3D" id="CapsuleShape3D_31431"]
radius = 0.0028053082
height = 0.028053083

[sub_resource type="CapsuleShape3D" id="CapsuleShape3D_337pl"]
radius = 0.0026605749
height = 0.026605748

[sub_resource type="CapsuleShape3D" id="CapsuleShape3D_88x8v"]
radius = 0.0017274811
height = 0.017274812

[sub_resource type="CapsuleShape3D" id="CapsuleShape3D_gmwhr"]
radius = 0.002503594
height = 0.025035938

[sub_resource type="CapsuleShape3D" id="CapsuleShape3D_fa06f"]
radius = 0.002927394
height = 0.029273938

[sub_resource type="CapsuleShape3D" id="CapsuleShape3D_pmkfk"]
radius = 0.0018963113
height = 0.018963113

[sub_resource type="CapsuleShape3D" id="CapsuleShape3D_mng5h"]
radius = 0.0025479984
height = 0.025479985

[sub_resource type="CapsuleShape3D" id="CapsuleShape3D_sna56"]
radius = 0.002517645
height = 0.02517645

[sub_resource type="CapsuleShape3D" id="CapsuleShape3D_p7x68"]
radius = 0.0014718459
height = 0.014718459

[sub_resource type="CapsuleShape3D" id="CapsuleShape3D_6kpax"]
radius = 0.03612529
height = 0.3612529

[sub_resource type="CapsuleShape3D" id="CapsuleShape3D_uhuh4"]
radius = 0.032091167
height = 0.32091168

[sub_resource type="CapsuleShape3D" id="CapsuleShape3D_3b3rb"]
radius = 0.014366744
height = 0.14366744

[sub_resource type="CapsuleShape3D" id="CapsuleShape3D_kyj3u"]
radius = 0.005430134
height = 0.05430134

[sub_resource type="CapsuleShape3D" id="CapsuleShape3D_1eqqn"]
radius = 0.03612629
height = 0.3612629

[sub_resource type="CapsuleShape3D" id="CapsuleShape3D_hnt2y"]
radius = 0.0320896
height = 0.320896

[sub_resource type="CapsuleShape3D" id="CapsuleShape3D_kt5tt"]
radius = 0.014420405
height = 0.14420405

[sub_resource type="CapsuleShape3D" id="CapsuleShape3D_jp55c"]
radius = 0.0056225406
height = 0.056225408

[node name="NPC" type="CharacterBody3D" node_paths=PackedStringArray("NavAgent3D", "PlayerCast")]
script = ExtResource("1_056qb")
NavAgent3D = NodePath("NavigationAgent3D")
PlayerCast = NodePath("Player Detector")

[node name="NavigationAgent3D" type="NavigationAgent3D" parent="."]

[node name="Player Detector" type="ShapeCast3D" parent="."]
transform = Transform3D(1, 0, 0, 0, -4.371139e-08, -1, 0, 1, -4.371139e-08, 0, 1.2184697, 5.039946)
shape = SubResource("CylinderShape3D_056qb")
target_position = Vector3(0, 0, 0)
debug_shape_custom_color = Color(0, 0.5686275, 0, 1)

[node name="CollisionShape3D" type="CollisionShape3D" parent="."]
transform = Transform3D(1, 0, 0, 0, 1, 0, 0, 0, 1, 0, 1.0021904, 0)
shape = SubResource("CapsuleShape3D_ieddu")

[node name="CapsuleMesh" type="MeshInstance3D" parent="."]
transform = Transform3D(1, 0, 0, 0, 1, 0, 0, 0, 1, 0, 1.0021904, 0)
visible = false
material_override = ExtResource("1_kd6ta")
mesh = SubResource("CapsuleMesh_ieddu")
skeleton = NodePath("")

[node name="Breathing Idle (1)" parent="." instance=ExtResource("3_3etx6")]

[node name="Body" parent="Breathing Idle (1)/GeneralSkeleton" index="0"]
_skinColorsWhitelistWithWeight = Dictionary[int, int]({
3: 1,
4: 1,
6: 1,
7: 1,
8: 1,
9: 1,
10: 1,
12: 1,
13: 1
})

[node name="PhysicalBoneSimulator3D" type="PhysicalBoneSimulator3D" parent="Breathing Idle (1)/GeneralSkeleton" index="1"]
active = false

[node name="Physical Bone Hips" type="PhysicalBone3D" parent="Breathing Idle (1)/GeneralSkeleton/PhysicalBoneSimulator3D"]
transform = Transform3D(0.80218494, -0.18070422, 0.56907415, 0.47274297, 0.77440554, -0.4204881, -0.36471018, 0.606335, 0.7066431, 0.019681431, 0.28424332, 0.025542665)
joint_offset = Transform3D(1, 0, 0, 0, 1, 0, 0, 0, 1, 5.301043e-07, 1.2379605e-06, 0.055406798)
body_offset = Transform3D(1, 2.193451e-05, -9.030104e-06, -9.5665455e-06, 0.026616186, -0.9996457, -2.1785498e-05, 0.9996457, 0.026616275, -2.9802322e-08, 0.055387132, -0.00147596)
bone_name = "Hips"

[node name="CollisionShape3D" type="CollisionShape3D" parent="Breathing Idle (1)/GeneralSkeleton/PhysicalBoneSimulator3D/Physical Bone Hips"]
transform = Transform3D(1, 0, 0, 0, 0, 1, 0, -1, 0, 0, 0, 0)
shape = SubResource("CapsuleShape3D_3etx6")

[node name="Physical Bone Spine" type="PhysicalBone3D" parent="Breathing Idle (1)/GeneralSkeleton/PhysicalBoneSimulator3D"]
transform = Transform3D(0.8624208, 0.11121919, 0.4938226, 0.5061917, -0.1908189, -0.8410459, 0.0006902439, 0.9753043, -0.22086442, -0.043770038, 0.3619067, 0.00066570565)
joint_type = 1
joint_offset = Transform3D(1, 0, 0, 0, 1, 0, 0, 0, 1, -7.006078e-07, 5.173497e-07, 0.06464127)
body_offset = Transform3D(1, -2.7019996e-07, 1.06078805e-05, 1.0613876e-05, 0.026630834, -0.9996453, -1.9615982e-08, 0.9996452, 0.026630878, 1.4901161e-08, 0.06461832, -0.0017219707)
bone_name = "Spine"
joint_constraints/bias = 0.3
joint_constraints/damping = 1.0
joint_constraints/impulse_clamp = 0.0

[node name="CollisionShape3D" type="CollisionShape3D" parent="Breathing Idle (1)/GeneralSkeleton/PhysicalBoneSimulator3D/Physical Bone Spine"]
transform = Transform3D(-6.455, 8.365168e-08, 2.7239174e-14, 0, -2.421611e-08, 4.127, 9.746778e-07, 0.554, 1.803969e-07, 0, 0, 0)
shape = SubResource("CapsuleShape3D_k1h6f")

[node name="Physical Bone Chest" type="PhysicalBone3D" parent="Breathing Idle (1)/GeneralSkeleton/PhysicalBoneSimulator3D"]
transform = Transform3D(0.8836747, 0.091314286, 0.45910874, 0.45774338, -0.3737532, -0.8067091, 0.09792929, 0.92302233, -0.37207475, -0.109607734, 0.47586957, 0.042429395)
joint_type = 2
joint_offset = Transform3D(1, 0, 0, 0, 1, 0, 0, 0, 1, -2.7600661e-08, 3.7252903e-09, 0.07387562)
body_offset = Transform3D(0.9999999, 1.4156103e-07, -2.9802322e-08, 1.4901161e-08, 0.026638865, -0.9996451, -1.6391277e-07, 0.9996449, 0.026638865, 2.9802322e-08, 0.07384941, -0.0019679666)
bone_name = "Chest"
joint_constraints/swing_span = 45.0
joint_constraints/twist_span = 180.0
joint_constraints/bias = 0.3
joint_constraints/softness = 0.8
joint_constraints/relaxation = 1.0

[node name="CollisionShape3D" type="CollisionShape3D" parent="Breathing Idle (1)/GeneralSkeleton/PhysicalBoneSimulator3D/Physical Bone Chest"]
transform = Transform3D(4.621957, -1.8626451e-09, -2.4761922e-08, -1.0949748e-07, -2.9802322e-08, 2.5614467, -1.0949748e-07, -0.70984334, 0, 0, 0, 0)
shape = SubResource("CapsuleShape3D_6swda")

[node name="Physical Bone UpperChest" type="PhysicalBone3D" parent="Breathing Idle (1)/GeneralSkeleton/PhysicalBoneSimulator3D"]
transform = Transform3D(0.8963445, 0.06342761, 0.4387979, 0.39950377, -0.54472953, -0.7373374, 0.19225863, 0.8362097, -0.5136049, -0.17999336, 0.5967461, 0.11260252)
joint_type = 2
joint_offset = Transform3D(1, 0, 0, 0, 1, 0, 0, 0, 1, -5.984757e-11, -1.4202669e-08, 0.08311021)
body_offset = Transform3D(1, -1.6391277e-07, -2.682209e-07, -2.8312206e-07, 0.026638955, -0.999645, 1.7881393e-07, 0.999645, 0.026638955, 2.2351742e-08, 0.08308071, -0.002213955)
bone_name = "UpperChest"
joint_constraints/swing_span = 45.0
joint_constraints/twist_span = 180.0
joint_constraints/bias = 0.3
joint_constraints/softness = 0.8
joint_constraints/relaxation = 1.0

[node name="CollisionShape3D" type="CollisionShape3D" parent="Breathing Idle (1)/GeneralSkeleton/PhysicalBoneSimulator3D/Physical Bone UpperChest"]
transform = Transform3D(2.4777658, 0, 0, 0, -3.887188e-08, 3.5115783, 0, -0.889285, -1.5349596e-07, 0, 0, 0)
shape = SubResource("CapsuleShape3D_rovd1")

[node name="Physical Bone Neck" type="PhysicalBone3D" parent="Breathing Idle (1)/GeneralSkeleton/PhysicalBoneSimulator3D"]
transform = Transform3D(-0.90545774, -0.15258598, 0.3960605, -0.39739364, 0.6325326, -0.6648164, -0.14907953, -0.759355, -0.6333682, -0.23579147, 0.6904751, 0.18620925)
joint_type = 1
joint_offset = Transform3D(1, 0, 0, 0, 1, 0, 0, 0, 1, 2.5888019e-06, 5.6512654e-06, 0.04881254)
body_offset = Transform3D(-1, 5.2154064e-08, -8.195639e-08, -7.450581e-09, 0.09462336, -0.9955131, 0, -0.9955131, -0.09462324, 2.592802e-06, 0.048592985, 0.0046244264)
bone_name = "Neck"
joint_constraints/bias = 0.3
joint_constraints/damping = 1.0
joint_constraints/impulse_clamp = 0.0

[node name="CollisionShape3D" type="CollisionShape3D" parent="Breathing Idle (1)/GeneralSkeleton/PhysicalBoneSimulator3D/Physical Bone Neck"]
transform = Transform3D(1.0696456, 1.4901161e-08, 2.9802322e-08, 7.450581e-09, 2.9802322e-08, 1.3547487, 2.2351742e-08, -0.7041086, 5.9604645e-08, 0, 0, 0)
shape = SubResource("CapsuleShape3D_u08xh")

[node name="Physical Bone Head" type="PhysicalBone3D" parent="Breathing Idle (1)/GeneralSkeleton/PhysicalBoneSimulator3D"]
transform = Transform3D(-0.95061105, -0.19873416, 0.23841847, -0.30964303, 0.55413795, -0.77269167, 0.021443501, -0.80835384, -0.5883063, -0.29821625, 0.86258066, 0.32344678)
joint_type = 1
joint_offset = Transform3D(1, 0, 0, 0, 1, 0, 0, 0, 1, -8.8678476e-08, -1.8626451e-08, 0.18074098)
body_offset = Transform3D(-0.99999994, -5.5879354e-09, -4.749745e-08, 9.313226e-09, 0.09462312, -0.9955132, 3.7252903e-09, -0.9955131, -0.09462303, -8.009374e-08, 0.17993003, 0.017102242)
bone_name = "Head"
joint_constraints/bias = 0.3
joint_constraints/damping = 1.0
joint_constraints/impulse_clamp = 0.0

[node name="CollisionShape3D" type="CollisionShape3D" parent="Breathing Idle (1)/GeneralSkeleton/PhysicalBoneSimulator3D/Physical Bone Head"]
transform = Transform3D(2.64, 2.3993212e-07, 3.816509e-14, 0, -3.0029724e-08, 2.5, 9.2201e-07, -0.687, -1.09278474e-07, -4.4703484e-08, -2.9802322e-08, -0.011404276)
shape = SubResource("CapsuleShape3D_m2dqh")

[node name="Physical Bone LeftShoulder" type="PhysicalBone3D" parent="Breathing Idle (1)/GeneralSkeleton/PhysicalBoneSimulator3D"]
transform = Transform3D(-0.58010834, -0.25789553, -0.7726346, -0.76563764, 0.4963608, 0.40917602, 0.27798086, 0.82892454, -0.48539758, -0.0906244, 0.63545376, 0.18773049)
joint_type = 1
joint_offset = Transform3D(1, 0, 0, 0, 1, 0, 0, 0, 1, -1.2066448e-07, 1.13621354e-07, 0.0711998)
body_offset = Transform3D(0.9999893, 0.004272759, 0.0017450452, -2.9802322e-08, 0.3781156, -0.92575836, -0.0046153814, 0.9257486, 0.37811154, -0.00012412667, 0.06591376, -0.02692157)
bone_name = "LeftShoulder"
joint_constraints/bias = 0.3
joint_constraints/damping = 1.0
joint_constraints/impulse_clamp = 0.0

[node name="CollisionShape3D" type="CollisionShape3D" parent="Breathing Idle (1)/GeneralSkeleton/PhysicalBoneSimulator3D/Physical Bone LeftShoulder"]
transform = Transform3D(1, 0, 0, 0, 0, 1, 0, -1, 0, 0, 0, 0)
shape = SubResource("CapsuleShape3D_bey1f")

[node name="Physical Bone LeftUpperArm" type="PhysicalBone3D" parent="Breathing Idle (1)/GeneralSkeleton/PhysicalBoneSimulator3D"]
transform = Transform3D(-0.3063206, -0.31522608, -0.8982206, -0.7610257, 0.64792466, 0.032147016, 0.5718457, 0.6934163, -0.43836784, 0.056226566, 0.6030339, 0.26711205)
joint_type = 1
joint_offset = Transform3D(1, 0, 0, 0, 1, 0, 0, 0, 1, 6.053597e-08, 9.313226e-09, 0.102246374)
body_offset = Transform3D(-0.9710585, -0.23761612, -0.024162143, -5.9604645e-08, 0.10116391, -0.99486965, 0.23884138, -0.9660768, -0.09823607, 0.002470553, 0.101721816, 0.010044277)
bone_name = "LeftUpperArm"
joint_constraints/bias = 0.3
joint_constraints/damping = 1.0
joint_constraints/impulse_clamp = 0.0

[node name="CollisionShape3D" type="CollisionShape3D" parent="Breathing Idle (1)/GeneralSkeleton/PhysicalBoneSimulator3D/Physical Bone LeftUpperArm"]
transform = Transform3D(1.1272345, 1.4901161e-08, 5.9604645e-08, -8.940697e-08, 1.4901161e-08, 1.1309335, -5.9604645e-08, -0.6269115, -2.9802322e-08, 0, 0, 0)
shape = SubResource("CapsuleShape3D_hhshi")

[node name="Physical Bone LeftLowerArm" type="PhysicalBone3D" parent="Breathing Idle (1)/GeneralSkeleton/PhysicalBoneSimulator3D"]
transform = Transform3D(0.486816, 0.15515949, 0.8596137, -0.22753878, -0.9275981, 0.29629025, 0.8433483, -0.33983427, -0.41626477, 0.032246187, 0.55982625, 0.3680191)
joint_type = 1
joint_offset = Transform3D(1, 0, 0, 0, 1, 0, 0, 0, 1, 5.9371814e-08, 3.1854142e-08, 0.13473517)
body_offset = Transform3D(-0.07335678, 0.9683527, 0.23856102, -2.9802322e-08, 0.23920545, -0.9709687, -0.99730563, -0.07122707, -0.01754725, -0.03214258, 0.13082361, 0.0023642927)
bone_name = "LeftLowerArm"
joint_constraints/bias = 0.3
joint_constraints/damping = 1.0
joint_constraints/impulse_clamp = 0.0

[node name="CollisionShape3D" type="CollisionShape3D" parent="Breathing Idle (1)/GeneralSkeleton/PhysicalBoneSimulator3D/Physical Bone LeftLowerArm"]
transform = Transform3D(0.79635626, -2.9802322e-08, 0, 1.4901161e-08, 2.9802322e-08, 1.0820601, -2.9802322e-08, -0.8994844, 0, 0, 0, 0)
shape = SubResource("CapsuleShape3D_ecfdr")

[node name="Physical Bone LeftHand" type="PhysicalBone3D" parent="Breathing Idle (1)/GeneralSkeleton/PhysicalBoneSimulator3D"]
transform = Transform3D(-0.45863467, -0.0684658, 0.88598347, 0.49824947, -0.8453727, 0.19259432, 0.7358001, 0.52977127, 0.42183024, -0.106996685, 0.51481426, 0.41295242)
joint_type = 1
joint_offset = Transform3D(1, 0, 0, 0, 1, 0, 0, 0, 1, 9.6755684e-08, 3.8723488e-07, 0.026437014)
body_offset = Transform3D(-0.015028089, 0.8362359, 0.5481634, 2.1606684e-07, 0.54822534, -0.8363304, -0.99988675, -0.012568414, -0.008238941, -0.014492124, 0.022109866, 0.00021791458)
bone_name = "LeftHand"
joint_constraints/bias = 0.3
joint_constraints/damping = 1.0
joint_constraints/impulse_clamp = 0.0

[node name="CollisionShape3D" type="CollisionShape3D" parent="Breathing Idle (1)/GeneralSkeleton/PhysicalBoneSimulator3D/Physical Bone LeftHand"]
transform = Transform3D(1, 0, 0, 0, 0, 1, 0, -1, 0, 0, 0, 0)
shape = SubResource("CapsuleShape3D_kx1mh")

[node name="Physical Bone LeftThumbMetacarpal" type="PhysicalBone3D" parent="Breathing Idle (1)/GeneralSkeleton/PhysicalBoneSimulator3D"]
transform = Transform3D(0.36663502, 0.057235543, 0.9286027, -0.25262654, 0.9667302, 0.040157553, -0.89540976, -0.24931283, 0.36889637, -0.1500602, 0.5088728, 0.3939981)
joint_type = 1
joint_offset = Transform3D(1, 0, 0, 0, 1, 0, 0, 0, 1, -1.7369166e-07, 4.3481123e-08, 0.021150049)
body_offset = Transform3D(-0.9738615, 0.22699174, 0.008229077, -2.0861626e-07, 0.036250617, -0.9999509, -0.22727907, -0.973814, -0.035303205, -0.00017422438, 0.02114901, 0.0007466674)
bone_name = "LeftThumbMetacarpal"
joint_constraints/bias = 0.3
joint_constraints/damping = 1.0
joint_constraints/impulse_clamp = 0.0

[node name="CollisionShape3D" type="CollisionShape3D" parent="Breathing Idle (1)/GeneralSkeleton/PhysicalBoneSimulator3D/Physical Bone LeftThumbMetacarpal"]
transform = Transform3D(1, 0, 0, 0, 0, 1, 0, -1, 0, 0, 0, 0)
shape = SubResource("CapsuleShape3D_aei7b")

[node name="Physical Bone LeftThumbProximal" type="PhysicalBone3D" parent="Breathing Idle (1)/GeneralSkeleton/PhysicalBoneSimulator3D"]
transform = Transform3D(-0.22716944, 0.2541098, 0.94011825, -0.28285158, -0.9409586, 0.18598892, 0.931874, -0.22366293, 0.2856324, -0.18517734, 0.5049614, 0.3814932)
joint_type = 1
joint_offset = Transform3D(1, 0, 0, 0, 1, 0, 0, 0, 1, 1.06112566e-07, -5.484617e-08, 0.016463302)
body_offset = Transform3D(0.6258166, -0.77975476, -0.018731624, 1.1920929e-07, 0.023997441, -1.0003198, 0.7803596, 0.6261109, 0.01501742, 0.00030827522, 0.01646857, -0.00024728477)
bone_name = "LeftThumbProximal"
joint_constraints/bias = 0.3
joint_constraints/damping = 1.0
joint_constraints/impulse_clamp = 0.0

[node name="CollisionShape3D" type="CollisionShape3D" parent="Breathing Idle (1)/GeneralSkeleton/PhysicalBoneSimulator3D/Physical Bone LeftThumbProximal"]
transform = Transform3D(1, 0, 0, 0, 0, 1, 0, -1, 0, 0, 0, 0)
shape = SubResource("CapsuleShape3D_0j1p6")

[node name="Physical Bone LeftThumbDistal" type="PhysicalBone3D" parent="Breathing Idle (1)/GeneralSkeleton/PhysicalBoneSimulator3D"]
transform = Transform3D(0.053966902, -0.29917026, 0.9526725, 0.3897118, 0.88471216, 0.25575215, -0.91935426, 0.35746557, 0.16433536, -0.21079512, 0.49917752, 0.37504238)
joint_type = 1
joint_offset = Transform3D(1, 0, 0, 0, 1, 0, 0, 0, 1, 6.154878e-07, -7.011113e-07, 0.0106438175)
body_offset = Transform3D(-0.48895723, 0.8522652, 0.18615893, -1.2218952e-06, 0.21320815, -0.977594, -0.8727625, -0.4781353, -0.10423775, -0.0019805431, 0.010405481, 0.0011096895)
bone_name = "LeftThumbDistal"
joint_constraints/bias = 0.3
joint_constraints/damping = 1.0
joint_constraints/impulse_clamp = 0.0

[node name="CollisionShape3D" type="CollisionShape3D" parent="Breathing Idle (1)/GeneralSkeleton/PhysicalBoneSimulator3D/Physical Bone LeftThumbDistal"]
transform = Transform3D(1, 0, 0, 0, 0, 1, 0, -1, 0, 0, 0, 0)
shape = SubResource("CapsuleShape3D_oj5ba")

[node name="Physical Bone LeftIndexProximal" type="PhysicalBone3D" parent="Breathing Idle (1)/GeneralSkeleton/PhysicalBoneSimulator3D"]
transform = Transform3D(0.44970268, 0.41843048, 0.789103, -0.5597743, -0.5564099, 0.61405283, 0.696003, -0.71786076, -0.015992407, -0.20101212, 0.45680287, 0.39271706)
joint_type = 1
joint_offset = Transform3D(1, 0, 0, 0, 1, 0, 0, 0, 1, -5.786933e-08, 4.9825758e-08, 0.013108951)
body_offset = Transform3D(0.99916744, 0.040529966, 0.0046079587, 1.1175871e-08, 0.112966016, -0.99359864, -0.040791094, 0.9927716, 0.112872005, -6.0349703e-05, 0.0130250305, -0.0014796853)
bone_name = "LeftIndexProximal"
joint_constraints/bias = 0.3
joint_constraints/damping = 1.0
joint_constraints/impulse_clamp = 0.0

[node name="CollisionShape3D" type="CollisionShape3D" parent="Breathing Idle (1)/GeneralSkeleton/PhysicalBoneSimulator3D/Physical Bone LeftIndexProximal"]
transform = Transform3D(1, 0, 0, 0, 0, 1, 0, -1, 0, 0, 0, 0)
shape = SubResource("CapsuleShape3D_wi8x7")
disabled = true

[node name="Physical Bone LeftIndexIntermediate" type="PhysicalBone3D" parent="Breathing Idle (1)/GeneralSkeleton/PhysicalBoneSimulator3D"]
transform = Transform3D(-0.60910577, -0.55808413, 0.56350005, 0.6045948, 0.13308854, 0.78533596, -0.5132789, 0.8190418, 0.2563498, -0.21875489, 0.43844232, 0.38956097)
joint_type = 1
joint_offset = Transform3D(1, 0, 0, 0, 1, 0, 0, 0, 1, 1.819717e-08, 1.231092e-08, 0.013129231)
body_offset = Transform3D(-0.97926253, 0.20249772, 0.0062502623, 0, 0.030851379, -0.9995238, -0.2025941, -0.9787965, -0.030211464, -8.204579e-05, 0.013122976, 0.0003966689)
bone_name = "LeftIndexIntermediate"
joint_constraints/bias = 0.3
joint_constraints/damping = 1.0
joint_constraints/impulse_clamp = 0.0

[node name="CollisionShape3D" type="CollisionShape3D" parent="Breathing Idle (1)/GeneralSkeleton/PhysicalBoneSimulator3D/Physical Bone LeftIndexIntermediate"]
transform = Transform3D(1, 0, 0, 0, 0, 1, 0, -1, 0, 0, 0, 0)
shape = SubResource("CapsuleShape3D_hrnb6")
disabled = true

[node name="Physical Bone LeftIndexDistal" type="PhysicalBone3D" parent="Breathing Idle (1)/GeneralSkeleton/PhysicalBoneSimulator3D"]
transform = Transform3D(-0.52526104, -0.8506428, -0.022533273, 0.54131925, -0.35445493, 0.76245344, -0.6565625, 0.3882894, 0.6466507, -0.22597988, 0.4222664, 0.38122112)
joint_type = 1
joint_offset = Transform3D(1, 0, 0, 0, 1, 0, 0, 0, 1, 6.277696e-08, -1.9092113e-08, 0.007692294)
body_offset = Transform3D(-0.99943566, 0.029486477, 0.016067237, 0, 0.47847763, -0.8780993, -0.033579826, -0.87760437, -0.47820783, -0.00012353063, 0.006754607, 0.0036785007)
bone_name = "LeftIndexDistal"
joint_constraints/bias = 0.3
joint_constraints/damping = 1.0
joint_constraints/impulse_clamp = 0.0

[node name="CollisionShape3D" type="CollisionShape3D" parent="Breathing Idle (1)/GeneralSkeleton/PhysicalBoneSimulator3D/Physical Bone LeftIndexDistal"]
transform = Transform3D(1, 0, 0, 0, 0, 1, 0, -1, 0, 0, 0, 0)
shape = SubResource("CapsuleShape3D_4tw44")
disabled = true

[node name="Physical Bone LeftMiddleProximal" type="PhysicalBone3D" parent="Breathing Idle (1)/GeneralSkeleton/PhysicalBoneSimulator3D"]
transform = Transform3D(-0.7926021, 0.024435993, 0.60924935, 0.5744093, -0.30525845, 0.7595205, 0.20453815, 0.951956, 0.22791225, -0.18768466, 0.43769088, 0.41086876)
joint_type = 1
joint_offset = Transform3D(1, 0, 0, 0, 1, 0, 0, 0, 1, 2.408342e-08, -1.43263605e-08, 0.014168533)
body_offset = Transform3D(-0.5707841, 0.82086146, 0.019776016, 3.7252903e-09, 0.024084792, -0.99970955, -0.8210997, -0.5706187, -0.013747111, -0.00028017163, 0.014164418, 0.00019478798)
bone_name = "LeftMiddleProximal"
joint_constraints/bias = 0.3
joint_constraints/damping = 1.0
joint_constraints/impulse_clamp = 0.0

[node name="CollisionShape3D" type="CollisionShape3D" parent="Breathing Idle (1)/GeneralSkeleton/PhysicalBoneSimulator3D/Physical Bone LeftMiddleProximal"]
transform = Transform3D(1, 0, 0, 0, 0, 1, 0, -1, 0, 0, 0, 0)
shape = SubResource("CapsuleShape3D_bv5sb")
disabled = true

[node name="Physical Bone LeftMiddleIntermediate" type="PhysicalBone3D" parent="Breathing Idle (1)/GeneralSkeleton/PhysicalBoneSimulator3D"]
transform = Transform3D(-0.34819448, 0.83639514, 0.42332464, -0.23389733, -0.5148164, 0.82477635, 0.9077735, 0.18816808, 0.3748868, -0.20218626, 0.4154943, 0.4024418)
joint_type = 1
joint_offset = Transform3D(1, 0, 0, 0, 1, 0, 0, 0, 1, 3.0529918e-08, 1.0046642e-07, 0.013864746)
body_offset = Transform3D(0.56767285, 0.82303894, 0.018809542, 1.4901161e-07, 0.0228476, -0.99973863, -0.82325387, 0.5675247, 0.012969956, -0.00026088953, 0.01386112, -0.00017985702)
bone_name = "LeftMiddleIntermediate"
joint_constraints/bias = 0.3
joint_constraints/damping = 1.0
joint_constraints/impulse_clamp = 0.0

[node name="CollisionShape3D" type="CollisionShape3D" parent="Breathing Idle (1)/GeneralSkeleton/PhysicalBoneSimulator3D/Physical Bone LeftMiddleIntermediate"]
transform = Transform3D(1, 0, 0, 0, 0, 1, 0, -1, 0, 0, 0, 0)
shape = SubResource("CapsuleShape3D_57gt1")
disabled = true

[node name="Physical Bone LeftMiddleDistal" type="PhysicalBone3D" parent="Breathing Idle (1)/GeneralSkeleton/PhysicalBoneSimulator3D"]
transform = Transform3D(-0.5979051, 0.7797415, 0.1857759, -0.32203653, -0.4459116, 0.83513796, 0.7340314, 0.4395066, 0.517718, -0.20970069, 0.39666334, 0.3926595)
joint_type = 1
joint_offset = Transform3D(1, 0, 0, 0, 1, 0, 0, 0, 1, 8.054485e-09, 1.10703695e-08, 0.008855348)
body_offset = Transform3D(0.36981612, 0.9289106, 0.018983066, 1.1920929e-07, 0.02043143, -0.9997908, -0.9291048, 0.36973894, 0.0075558424, -0.0001681149, 0.008853495, -6.6906214e-05)
bone_name = "LeftMiddleDistal"
joint_constraints/bias = 0.3
joint_constraints/damping = 1.0
joint_constraints/impulse_clamp = 0.0

[node name="CollisionShape3D" type="CollisionShape3D" parent="Breathing Idle (1)/GeneralSkeleton/PhysicalBoneSimulator3D/Physical Bone LeftMiddleDistal"]
transform = Transform3D(1, 0, 0, 0, 0, 1, 0, -1, 0, 0, 0, 0)
shape = SubResource("CapsuleShape3D_7hcv7")
disabled = true

[node name="Physical Bone LeftRingProximal" type="PhysicalBone3D" parent="Breathing Idle (1)/GeneralSkeleton/PhysicalBoneSimulator3D"]
transform = Transform3D(0.2923086, 0.7655182, 0.57318205, -0.48627192, -0.397115, 0.77835685, 0.82346547, -0.5062427, 0.25616986, -0.17302081, 0.41697755, 0.4292743)
joint_type = 1
joint_offset = Transform3D(1, 0, 0, 0, 1, 0, 0, 0, 1, 5.5966666e-08, -3.5972334e-08, 0.0129391905)
body_offset = Transform3D(0.9664272, 0.25544685, 0.027649477, 0, 0.107611015, -0.9941928, -0.2569389, 0.9608153, 0.10399829, -0.00035780668, 0.012864053, -0.0013456047)
bone_name = "LeftRingProximal"
joint_constraints/bias = 0.3
joint_constraints/damping = 1.0
joint_constraints/impulse_clamp = 0.0

[node name="CollisionShape3D" type="CollisionShape3D" parent="Breathing Idle (1)/GeneralSkeleton/PhysicalBoneSimulator3D/Physical Bone LeftRingProximal"]
transform = Transform3D(1, 0, 0, 0, 0, 1, 0, -1, 0, 0, 0, 0)
shape = SubResource("CapsuleShape3D_jv8fj")
disabled = true

[node name="Physical Bone LeftRingIntermediate" type="PhysicalBone3D" parent="Breathing Idle (1)/GeneralSkeleton/PhysicalBoneSimulator3D"]
transform = Transform3D(-0.94233614, -0.29288313, 0.16193248, 0.2936717, -0.49161246, 0.8198013, -0.16049792, 0.8200834, 0.54927564, -0.1824485, 0.39672527, 0.41913846)
joint_type = 1
joint_offset = Transform3D(1, 0, 0, 0, 1, 0, 0, 0, 1, 8.440111e-10, 5.7043508e-09, 0.012418424)
body_offset = Transform3D(-0.7401372, 0.67150486, 0.03574547, -2.6077032e-07, 0.053156257, -0.9985862, -0.6724557, -0.7390909, -0.039342716, -0.0004439056, 0.012400866, 0.0004885793)
bone_name = "LeftRingIntermediate"
joint_constraints/bias = 0.3
joint_constraints/damping = 1.0
joint_constraints/impulse_clamp = 0.0

[node name="CollisionShape3D" type="CollisionShape3D" parent="Breathing Idle (1)/GeneralSkeleton/PhysicalBoneSimulator3D/Physical Bone LeftRingIntermediate"]
transform = Transform3D(1, 0, 0, 0, 0, 1, 0, -1, 0, 0, 0, 0)
shape = SubResource("CapsuleShape3D_om824")
disabled = true

[node name="Physical Bone LeftRingDistal" type="PhysicalBone3D" parent="Breathing Idle (1)/GeneralSkeleton/PhysicalBoneSimulator3D"]
transform = Transform3D(-0.60460037, -0.6451122, -0.4672137, 0.4324624, -0.758438, 0.4875942, -0.6689056, 0.09274729, 0.73753864, -0.18112794, 0.38306776, 0.4070582)
joint_type = 1
joint_offset = Transform3D(1, 0, 0, 0, 1, 0, 0, 0, 1, 1.5628757e-08, 1.14087015e-08, 0.0071305647)
body_offset = Transform3D(-0.9928359, 0.10868085, 0.049646318, -8.940697e-08, 0.415508, -0.9095892, -0.11948359, -0.9030731, -0.41253138, -0.00035399199, 0.0064858794, 0.0029415935)
bone_name = "LeftRingDistal"
joint_constraints/bias = 0.3
joint_constraints/damping = 1.0
joint_constraints/impulse_clamp = 0.0

[node name="CollisionShape3D" type="CollisionShape3D" parent="Breathing Idle (1)/GeneralSkeleton/PhysicalBoneSimulator3D/Physical Bone LeftRingDistal"]
transform = Transform3D(1, 0, 0, 0, 0, 1, 0, -1, 0, 0, 0, 0)
shape = SubResource("CapsuleShape3D_ugyil")
disabled = true

[node name="Physical Bone RightShoulder" type="PhysicalBone3D" parent="Breathing Idle (1)/GeneralSkeleton/PhysicalBoneSimulator3D"]
transform = Transform3D(-0.1905747, -0.8200265, 0.5396645, 0.27694136, 0.4824997, 0.8309618, -0.94179875, 0.3078157, 0.13514704, -0.30149353, 0.54880786, 0.12386687)
joint_type = 1
joint_offset = Transform3D(1, 0, 0, 0, 1, 0, 0, 0, 1, -3.7718564e-08, 7.0780516e-08, 0.07151555)
body_offset = Transform3D(0.97026753, 0.2230758, 0.09390387, -1.21071935e-08, 0.38797715, -0.92166907, -0.24203458, 0.8942656, 0.37644172, -0.006715566, 0.06591365, -0.02692151)
bone_name = "RightShoulder"
joint_constraints/bias = 0.3
joint_constraints/damping = 1.0
joint_constraints/impulse_clamp = 0.0

[node name="CollisionShape3D" type="CollisionShape3D" parent="Breathing Idle (1)/GeneralSkeleton/PhysicalBoneSimulator3D/Physical Bone RightShoulder"]
transform = Transform3D(1, 0, 0, 0, 0, 1, 0, -1, 0, 0, 0, 0)
shape = SubResource("CapsuleShape3D_hjrbm")

[node name="Physical Bone RightUpperArm" type="PhysicalBone3D" parent="Breathing Idle (1)/GeneralSkeleton/PhysicalBoneSimulator3D"]
transform = Transform3D(-0.55009973, -0.6260622, -0.552663, 0.03590533, -0.6789128, 0.73334044, -0.83432674, 0.3835668, 0.3959487, -0.28303087, 0.4136712, 0.073324025)
joint_type = 1
joint_offset = Transform3D(1, 0, 0, 0, 1, 0, 0, 0, 1, 2.6077032e-08, 9.639189e-08, 0.10324016)
body_offset = Transform3D(-0.5693638, 0.8099947, 0.1404743, 1.1920929e-07, 0.1708757, -0.9852925, -0.82208556, -0.5609901, -0.09729047, -0.014502652, 0.101721734, 0.010044359)
bone_name = "RightUpperArm"
joint_constraints/bias = 0.3
joint_constraints/damping = 1.0
joint_constraints/impulse_clamp = 0.0

[node name="CollisionShape3D" type="CollisionShape3D" parent="Breathing Idle (1)/GeneralSkeleton/PhysicalBoneSimulator3D/Physical Bone RightUpperArm"]
transform = Transform3D(1, 0, 0, 0, 0, 1, 0, -1, 0, 0, 0, 0)
shape = SubResource("CapsuleShape3D_0ya66")

[node name="Physical Bone RightLowerArm" type="PhysicalBone3D" parent="Breathing Idle (1)/GeneralSkeleton/PhysicalBoneSimulator3D"]
transform = Transform3D(-0.3751035, 0.9251307, 0.058572028, 0.20559041, 0.021413822, 0.9784038, 0.9038971, 0.37904456, -0.19823039, -0.23386812, 0.20608342, 0.059172228)
joint_type = 1
joint_offset = Transform3D(1, 0, 0, 0, 1, 0, 0, 0, 1, -6.0955063e-06, -3.1237723e-06, 0.13478968)
body_offset = Transform3D(-0.12667567, -0.9628483, -0.23848763, 1.1920929e-07, 0.2404243, -0.97066784, 0.99194396, -0.12296009, -0.030455753, 0.032141887, 0.13083674, 0.0041107833)
bone_name = "RightLowerArm"
joint_constraints/bias = 0.3
joint_constraints/damping = 1.0
joint_constraints/impulse_clamp = 0.0

[node name="CollisionShape3D" type="CollisionShape3D" parent="Breathing Idle (1)/GeneralSkeleton/PhysicalBoneSimulator3D/Physical Bone RightLowerArm"]
transform = Transform3D(1.0231876, 1.4901161e-08, 0, 0, -7.450581e-09, 1.0024152, 0, -0.8896502, 0, 0, 0, 0)
shape = SubResource("CapsuleShape3D_hcthf")

[node name="Physical Bone RightHand" type="PhysicalBone3D" parent="Breathing Idle (1)/GeneralSkeleton/PhysicalBoneSimulator3D"]
transform = Transform3D(0.8388523, -0.08505999, 0.5376726, -0.5015842, -0.50456893, 0.7027258, 0.211519, -0.85917115, -0.46592352, -0.25540417, 0.056398407, 0.09770158)
joint_type = 1
joint_offset = Transform3D(1, 0, 0, 0, 1, 0, 0, 0, 1, -5.3893245e-10, 2.8173104e-09, 0.025372453)
body_offset = Transform3D(-4.5239925e-05, -0.8446554, -0.5353104, -9.313226e-09, 0.5353105, -0.84465533, 1, -3.825128e-05, -2.4057925e-05, 0.01358214, 0.021430977, 6.109476e-07)
bone_name = "RightHand"
joint_constraints/bias = 0.3
joint_constraints/damping = 1.0
joint_constraints/impulse_clamp = 0.0

[node name="CollisionShape3D" type="CollisionShape3D" parent="Breathing Idle (1)/GeneralSkeleton/PhysicalBoneSimulator3D/Physical Bone RightHand"]
transform = Transform3D(1, 0, 0, 0, 0, 1, 0, -1, 0, 0, 0, 0)
shape = SubResource("CapsuleShape3D_eiemk")

[node name="Physical Bone RightThumbMetacarpal" type="PhysicalBone3D" parent="Breathing Idle (1)/GeneralSkeleton/PhysicalBoneSimulator3D"]
transform = Transform3D(-0.66882896, 0.17620926, 0.72223145, 0.578648, 0.73331755, 0.35694814, -0.46672744, 0.6566549, -0.59242713, -0.28370607, 0.031323224, 0.12154828)
joint_type = 1
joint_offset = Transform3D(1, 0, 0, 0, 1, 0, 0, 0, 1, 6.429701e-09, -7.566996e-09, 0.020297965)
body_offset = Transform3D(-1, -0.00044593215, -2.2441149e-05, -2.9802322e-08, 0.050614, -0.9993272, 0.00044682622, -0.9993272, -0.05061397, 4.61936e-07, 0.02028431, 0.0010273531)
bone_name = "RightThumbMetacarpal"
joint_constraints/bias = 0.3
joint_constraints/damping = 1.0
joint_constraints/impulse_clamp = 0.0

[node name="CollisionShape3D" type="CollisionShape3D" parent="Breathing Idle (1)/GeneralSkeleton/PhysicalBoneSimulator3D/Physical Bone RightThumbMetacarpal"]
transform = Transform3D(1, 0, 0, 0, 0, 1, 0, -1, 0, 0, 0, 0)
shape = SubResource("CapsuleShape3D_gmos2")
disabled = true

[node name="Physical Bone RightThumbProximal" type="PhysicalBone3D" parent="Breathing Idle (1)/GeneralSkeleton/PhysicalBoneSimulator3D"]
transform = Transform3D(0.65449846, 0.11979361, 0.7465128, -0.37197834, -0.80858105, 0.45588246, 0.6582279, -0.5760609, -0.4846544, -0.31095028, 0.016392963, 0.14174323)
joint_type = 1
joint_offset = Transform3D(1, 0, 0, 0, 1, 0, 0, 0, 1, 1.7238199e-07, -5.646143e-09, 0.016857423)
body_offset = Transform3D(0.9170731, 0.39795658, 0.025041088, 8.6426735e-07, 0.06281036, -0.9986348, -0.39883846, 0.915864, 0.057602733, -0.000422284, 0.016834408, -0.00097095966)
bone_name = "RightThumbProximal"
joint_constraints/bias = 0.3
joint_constraints/damping = 1.0
joint_constraints/impulse_clamp = 0.0

[node name="CollisionShape3D" type="CollisionShape3D" parent="Breathing Idle (1)/GeneralSkeleton/PhysicalBoneSimulator3D/Physical Bone RightThumbProximal"]
transform = Transform3D(1, 0, 0, 0, 0, 1, 0, -1, 0, 0, 0, 0)
shape = SubResource("CapsuleShape3D_rw23t")
disabled = true

[node name="Physical Bone RightThumbDistal" type="PhysicalBone3D" parent="Breathing Idle (1)/GeneralSkeleton/PhysicalBoneSimulator3D"]
transform = Transform3D(0.04515949, 0.38706625, 0.92094535, 0.9878514, -0.15452263, 0.016504372, 0.14869517, 0.90901184, -0.38934207, -0.33491156, 0.0085080685, 0.15471801)
joint_type = 1
joint_offset = Transform3D(1, 0, 0, 0, 1, 0, 0, 0, 1, -2.9905932e-06, 4.9959635e-06, 0.012351773)
body_offset = Transform3D(-0.5563649, 0.8007411, 0.22210447, -7.450581e-09, 0.26771697, -0.9641028, -0.83150643, -0.5363135, -0.14890465, -0.0027490482, 0.011907041, 0.0018394291)
bone_name = "RightThumbDistal"
joint_constraints/bias = 0.3
joint_constraints/damping = 1.0
joint_constraints/impulse_clamp = 0.0

[node name="CollisionShape3D" type="CollisionShape3D" parent="Breathing Idle (1)/GeneralSkeleton/PhysicalBoneSimulator3D/Physical Bone RightThumbDistal"]
transform = Transform3D(1, 0, 0, 0, 0, 1, 0, -1, 0, 0, 0, 0)
shape = SubResource("CapsuleShape3D_v8ktv")
disabled = true

[node name="Physical Bone RightIndexProximal" type="PhysicalBone3D" parent="Breathing Idle (1)/GeneralSkeleton/PhysicalBoneSimulator3D"]
transform = Transform3D(0.2677156, -0.041752882, 0.9625929, -0.5913963, -0.7958399, 0.1299588, 0.76064366, -0.6040659, -0.23775125, -0.3207597, -0.026278853, 0.114317484)
joint_type = 1
joint_offset = Transform3D(1, 0, 0, 0, 1, 0, 0, 0, 1, -8.952338e-08, -3.562891e-07, 0.014028846)
body_offset = Transform3D(0.76606137, -0.641793, -0.03537856, 0, 0.05504115, -0.9984841, 0.6427672, 0.7649002, 0.042164862, 0.00049616024, 0.014007598, -0.00059119426)
bone_name = "RightIndexProximal"
joint_constraints/bias = 0.3
joint_constraints/damping = 1.0
joint_constraints/impulse_clamp = 0.0

[node name="CollisionShape3D" type="CollisionShape3D" parent="Breathing Idle (1)/GeneralSkeleton/PhysicalBoneSimulator3D/Physical Bone RightIndexProximal"]
transform = Transform3D(1, 0, 0, 0, 0, 1, 0, -1, 0, 0, 0, 0)
shape = SubResource("CapsuleShape3D_31431")
disabled = true

[node name="Physical Bone RightIndexIntermediate" type="PhysicalBone3D" parent="Breathing Idle (1)/GeneralSkeleton/PhysicalBoneSimulator3D"]
transform = Transform3D(0.1438762, -0.2600381, 0.9548193, -0.97780067, 0.11116982, 0.1776154, -0.15233387, -0.9591775, -0.23827074, -0.3469613, -0.030463897, 0.1208216)
joint_type = 1
joint_offset = Transform3D(1, 0, 0, 0, 1, 0, 0, 0, 1, -4.7366484e-09, -2.1674168e-08, 0.013302957)
body_offset = Transform3D(-0.17258243, -0.9843768, -0.03489344, 2.2724271e-07, 0.035425007, -0.99937236, 0.98499507, -0.17247392, -0.0061135096, 0.00046416372, 0.013294607, 8.1328675e-05)
bone_name = "RightIndexIntermediate"
joint_constraints/bias = 0.3
joint_constraints/damping = 1.0
joint_constraints/impulse_clamp = 0.0

[node name="CollisionShape3D" type="CollisionShape3D" parent="Breathing Idle (1)/GeneralSkeleton/PhysicalBoneSimulator3D/Physical Bone RightIndexIntermediate"]
transform = Transform3D(1, 0, 0, 0, 0, 1, 0, -1, 0, 0, 0, 0)
shape = SubResource("CapsuleShape3D_337pl")
disabled = true

[node name="Physical Bone RightIndexDistal" type="PhysicalBone3D" parent="Breathing Idle (1)/GeneralSkeleton/PhysicalBoneSimulator3D"]
transform = Transform3D(0.20873433, -0.2401497, 0.9480285, -0.008425237, -0.9697873, -0.24380647, 0.9779361, 0.04290342, -0.20445122, -0.36785156, -0.03072082, 0.1257572)
joint_type = 1
joint_offset = Transform3D(1, 0, 0, 0, 1, 0, 0, 0, 1, -2.1536835e-09, -2.3283064e-10, 0.008637428)
body_offset = Transform3D(0.99804616, -0.057030454, -0.025520414, -6.556511e-07, 0.40844813, -0.91278154, 0.06247994, 0.9109981, 0.40765002, 0.00022043288, 0.007884085, -0.0035210475)
bone_name = "RightIndexDistal"
joint_constraints/bias = 0.3
joint_constraints/damping = 1.0
joint_constraints/impulse_clamp = 0.0

[node name="CollisionShape3D" type="CollisionShape3D" parent="Breathing Idle (1)/GeneralSkeleton/PhysicalBoneSimulator3D/Physical Bone RightIndexDistal"]
transform = Transform3D(1, 0, 0, 0, 0, 1, 0, -1, 0, 0, 0, 0)
shape = SubResource("CapsuleShape3D_88x8v")
disabled = true

[node name="Physical Bone RightMiddleProximal" type="PhysicalBone3D" parent="Breathing Idle (1)/GeneralSkeleton/PhysicalBoneSimulator3D"]
transform = Transform3D(0.004547462, -0.25886872, 0.9659018, 0.7350701, 0.65573704, 0.1722816, -0.67797595, 0.7092221, 0.19326858, -0.3160566, -0.03033388, 0.0802666)
joint_type = 1
joint_offset = Transform3D(1, 0, 0, 0, 1, 0, 0, 0, 1, 9.145879e-08, -1.05268555e-07, 0.012518308)
body_offset = Transform3D(-0.6267007, 0.7788895, 0.024031192, 1.4156103e-07, 0.030838512, -0.9995244, -0.77926004, -0.6264027, -0.019326612, -0.00030069053, 0.012512356, 0.00024194177)
bone_name = "RightMiddleProximal"
joint_constraints/bias = 0.3
joint_constraints/damping = 1.0
joint_constraints/impulse_clamp = 0.0

