[gd_scene load_steps=11 format=3 uid="uid://guuwcgtogcs7"]

[ext_resource type="Script" uid="uid://d4npgftnhjete" path="res://NPC/NPC.cs" id="1_056qb"]
[ext_resource type="Material" uid="uid://cdc0exiu5yafl" path="res://materials/16.tres" id="1_kd6ta"]
[ext_resource type="Resource" uid="uid://dcsudo4ynfphm" path="res://Interaction/Data/NormalNPCDeathResult.tres" id="2_rovd1"]
[ext_resource type="PackedScene" uid="uid://b6n4nrnt2lhp1" path="res://models/Bartosz/breathing_idle_(1).tscn" id="3_3etx6"]
[ext_resource type="Resource" uid="uid://dqo84ke0epfen" path="res://Interaction/Data/NormalNPCHealResult.tres" id="3_u08xh"]
[ext_resource type="Resource" uid="uid://daohbvaeepg8x" path="res://Interaction/Data/NormalNPCResurrectResult.tres" id="4_m2dqh"]
[ext_resource type="PackedScene" uid="uid://c0yhp8gkhcxyi" path="res://models/Bartosz/NPC/NPC.tscn" id="7_u08xh"]

[sub_resource type="CylinderShape3D" id="CylinderShape3D_056qb"]
height = 9.09
radius = 0.64

[sub_resource type="CapsuleShape3D" id="CapsuleShape3D_ieddu"]

[sub_resource type="CapsuleMesh" id="CapsuleMesh_ieddu"]

[node name="NPC" type="CharacterBody3D" node_paths=PackedStringArray("NavAgent3D", "PlayerCast", "AnimationPlayer", "Ragdoll", "mainCollider")]
script = ExtResource("1_056qb")
NavAgent3D = NodePath("NavigationAgent3D")
PlayerCast = NodePath("Player Detector")
AnimationPlayer = NodePath("Character")
Ragdoll = NodePath("Character/GeneralSkeleton/PhysicalBoneSimulator3DNew")
mainCollider = NodePath("CollisionShape3D")
DeathResult = ExtResource("2_rovd1")
HealResult = ExtResource("3_u08xh")
ResurectResult = ExtResource("4_m2dqh")

[node name="NavigationAgent3D" type="NavigationAgent3D" parent="."]
avoidance_enabled = true

[node name="Player Detector" type="ShapeCast3D" parent="."]
transform = Transform3D(1, 0, 0, 0, -4.371139e-08, -1, 0, 1, -4.371139e-08, 0, 1.2184697, 5.039946)
shape = SubResource("CylinderShape3D_056qb")
target_position = Vector3(0, 0, 0)
debug_shape_custom_color = Color(0, 0.5686275, 0, 1)

[node name="CollisionShape3D" type="CollisionShape3D" parent="."]
transform = Transform3D(1, 0, 0, 0, 1, 0, 0, 0, 1, 0, 1.0021904, 0)
shape = SubResource("CapsuleShape3D_ieddu")

[node name="CapsuleMesh" type="MeshInstance3D" parent="."]
transform = Transform3D(1, 0, 0, 0, 1, 0, 0, 0, 1, 0, 1.0021904, 0)
visible = false
material_override = ExtResource("1_kd6ta")
mesh = SubResource("CapsuleMesh_ieddu")
skeleton = NodePath("")

[node name="Breathing Idle (1)" parent="." instance=ExtResource("3_3etx6")]
visible = false

[node name="Character" parent="." instance=ExtResource("7_u08xh")]
Sick_Y_offset = -0.9

[node name="Physical Bone Hips" parent="Character/GeneralSkeleton/PhysicalBoneSimulator3DNew" index="0"]
transform = Transform3D(0.8021759, -0.18183309, 0.5687272, 0.4727637, 0.77521497, -0.41897047, -0.36470312, 0.6049616, 0.70782286, 0.017783336, 0.279702, 0.023072705)
joint_offset = Transform3D(1, 0, 0, 0, 1, 0, 0, 0, 1, -9.804231e-09, -2.462184e-07, 0.057008214)
body_offset = Transform3D(0.99999994, 0, -8.940697e-08, -1.4901161e-07, 0.028568774, -0.9995918, -8.940697e-08, 0.9995917, 0.028568864, 1.4901161e-08, 0.05698495, -0.0016284138)
linear_damp = 6.37
angular_damp = 7.643

[node name="Physical Bone RightShoulder" parent="Character/GeneralSkeleton/PhysicalBoneSimulator3DNew" index="1"]
transform = Transform3D(-0.3158926, -0.7610299, 0.56660867, 0.45259842, 0.40399477, 0.79494846, -0.8338864, 0.5075645, 0.216822, -0.38779384, 0.45766973, 0.08482544)
joint_offset = Transform3D(1, 0, 0, 0, 1, 0, 0, 0, 1, 4.1161547e-07, 1.848489e-05, 0.202733)
body_offset = Transform3D(0.9999964, 0.0024152398, 0.0010053068, 2.514571e-08, 0.38426575, -0.9232226, -0.0026160479, 0.92321944, 0.38426438, -0.00020426512, 0.18716058, -0.07792014)

[node name="Physical Bone Spine2" parent="Character/GeneralSkeleton/PhysicalBoneSimulator3DNew" index="2"]
transform = Transform3D(0.862424, 0.110260874, 0.4940318, 0.5061861, -0.18918654, -0.8414179, 0.0006886875, 0.975731, -0.21897154, -0.047488492, 0.35953954, -0.0027192514)
joint_offset = Transform3D(1, 0, 0, 0, 1, 0, 0, 0, 1, -1.75888e-06, 2.5507761e-06, 0.066497944)
body_offset = Transform3D(1, -1.7049024e-07, 4.0416926e-06, 4.028887e-06, 0.028570473, -0.99959165, 5.098991e-08, 0.9995916, 0.028570533, 1.4901161e-06, 0.06647071, -0.0019024312)

[node name="Physical Bone Chest" parent="Character/GeneralSkeleton/PhysicalBoneSimulator3DNew" index="3"]
transform = Transform3D(0.88367504, 0.09042748, 0.45928356, 0.45774287, -0.37219325, -0.8074303, 0.097928345, 0.92373973, -0.3702904, -0.11516705, 0.47671914, 0.03991376)
joint_offset = Transform3D(1, 0, 0, 0, -4.371139e-08, -1, 0, 1, -4.371139e-08, -1.559953e-06, 5.8461446e-06, 0.07580546)
body_offset = Transform3D(0.99999994, 7.8976154e-07, -9.4622374e-07, -9.23872e-07, 0.028570592, -0.9995917, -7.8976154e-07, 0.9995916, 0.028570592, 1.6316772e-06, 0.07577434, -0.0021716505)

[node name="Physical Bone UpperChest" parent="Character/GeneralSkeleton/PhysicalBoneSimulator3DNew" index="4"]
transform = Transform3D(0.8963434, 0.062579915, 0.43892178, 0.39950573, -0.54330367, -0.73838764, 0.19225956, 0.8372007, -0.5119877, -0.1877043, 0.6013937, 0.11192069)
joint_offset = Transform3D(1, 0, 0, 0, 1, 0, 0, 0, 1, -4.8738674e-08, 5.1455572e-08, 0.08551078)
body_offset = Transform3D(1, 1.7881393e-07, 2.1383166e-06, 2.1234155e-06, 0.028570533, -0.9995917, -2.3841858e-07, 0.99959165, 0.028570473, -1.3411045e-07, 0.08547586, -0.0024431348)

[editable path="Character"]
