[gd_scene load_steps=11 format=3 uid="uid://guuwcgtogcs7"]

[ext_resource type="Script" uid="uid://d4npgftnhjete" path="res://NPC/NPC.cs" id="1_056qb"]
[ext_resource type="Material" uid="uid://cdc0exiu5yafl" path="res://materials/16.tres" id="1_kd6ta"]
[ext_resource type="Resource" uid="uid://dcsudo4ynfphm" path="res://Interaction/Data/NormalNPCDeathResult.tres" id="2_rovd1"]
[ext_resource type="PackedScene" uid="uid://b6n4nrnt2lhp1" path="res://models/Bartosz/breathing_idle_(1).tscn" id="3_3etx6"]
[ext_resource type="Resource" uid="uid://dqo84ke0epfen" path="res://Interaction/Data/NormalNPCHealResult.tres" id="3_u08xh"]
[ext_resource type="Resource" uid="uid://daohbvaeepg8x" path="res://Interaction/Data/NormalNPCResurrectResult.tres" id="4_m2dqh"]
[ext_resource type="PackedScene" uid="uid://c0yhp8gkhcxyi" path="res://models/Bartosz/NPC/NPC.tscn" id="7_u08xh"]

[sub_resource type="CylinderShape3D" id="CylinderShape3D_056qb"]
height = 9.09
radius = 0.64

[sub_resource type="CapsuleShape3D" id="CapsuleShape3D_ieddu"]

[sub_resource type="CapsuleMesh" id="CapsuleMesh_ieddu"]

[node name="NPC" type="CharacterBody3D" node_paths=PackedStringArray("NavAgent3D", "PlayerCast", "AnimationPlayer", "Ragdoll", "mainCollider")]
script = ExtResource("1_056qb")
NavAgent3D = NodePath("NavigationAgent3D")
PlayerCast = NodePath("Player Detector")
AnimationPlayer = NodePath("Character")
Ragdoll = NodePath("Character/GeneralSkeleton/PhysicalBoneSimulator3DNew")
mainCollider = NodePath("CollisionShape3D")
DeathResult = ExtResource("2_rovd1")
HealResult = ExtResource("3_u08xh")
ResurectResult = ExtResource("4_m2dqh")

[node name="NavigationAgent3D" type="NavigationAgent3D" parent="."]
avoidance_enabled = true

[node name="Player Detector" type="ShapeCast3D" parent="."]
transform = Transform3D(1, 0, 0, 0, -4.371139e-08, -1, 0, 1, -4.371139e-08, 0, 1.2184697, 5.039946)
shape = SubResource("CylinderShape3D_056qb")
target_position = Vector3(0, 0, 0)
debug_shape_custom_color = Color(0, 0.5686275, 0, 1)

[node name="CollisionShape3D" type="CollisionShape3D" parent="."]
transform = Transform3D(1, 0, 0, 0, 1, 0, 0, 0, 1, 0, 1.0021904, 0)
shape = SubResource("CapsuleShape3D_ieddu")

[node name="CapsuleMesh" type="MeshInstance3D" parent="."]
transform = Transform3D(1, 0, 0, 0, 1, 0, 0, 0, 1, 0, 1.0021904, 0)
visible = false
material_override = ExtResource("1_kd6ta")
mesh = SubResource("CapsuleMesh_ieddu")
skeleton = NodePath("")

[node name="Breathing Idle (1)" parent="." instance=ExtResource("3_3etx6")]
visible = false

[node name="Character" parent="." instance=ExtResource("7_u08xh")]

[node name="Physical Bone Hips" parent="Character/GeneralSkeleton/PhysicalBoneSimulator3DNew" index="0"]
transform = Transform3D(0.9996004, 0.015583183, -0.023582706, -0.024744269, 0.07911318, -0.9965585, -0.01366385, 0.99674386, 0.07946716, -0.0024507395, 0.83036816, 0.009252833)
joint_offset = Transform3D(1, 0, 0, 0, 1, 0, 0, 0, 1, -1.7135473e-08, -2.3795292e-07, 0.057008214)
body_offset = Transform3D(1.0000001, -7.7299774e-08, 6.519258e-09, 5.529728e-09, 0.028568912, -0.99959195, 7.636845e-08, 0.99959195, 0.028568912, 1.6763806e-08, 0.05698496, -0.001628425)
linear_damp = 6.37
angular_damp = 7.643

[node name="Physical Bone RightShoulder" parent="Character/GeneralSkeleton/PhysicalBoneSimulator3DNew" index="1"]
transform = Transform3D(0.02075758, -0.34515348, 0.9383167, 0.038843606, 0.9380887, 0.34421033, -0.99902976, 0.029302627, 0.032879457, -0.24712235, 1.2480025, -0.016739346)
joint_offset = Transform3D(1, 0, 0, 0, 1, 0, 0, 0, 1, 4.3798354e-07, 1.8663704e-05, 0.202733)
body_offset = Transform3D(0.9999967, 0.0024151374, 0.0010053217, 2.4214387e-08, 0.3842658, -0.92322254, -0.0026160404, 0.92321956, 0.3842645, -0.00020429492, 0.18716049, -0.07792032)

[node name="Physical Bone Spine2" parent="Character/GeneralSkeleton/PhysicalBoneSimulator3DNew" index="2"]
transform = Transform3D(0.9996111, 0.013228993, -0.024547439, -0.02521457, 0.052874975, -0.9982828, -0.01190833, 0.9985135, 0.053187978, 0.00052767736, 0.9535618, 0.0011828314)
joint_offset = Transform3D(1, 0, 0, 0, 1, 0, 0, 0, 1, -1.7585247e-06, 2.5527552e-06, 0.0664979)
body_offset = Transform3D(1.0000001, -1.6763806e-07, 3.8963044e-06, 3.9007573e-06, 0.028570527, -0.9995918, 5.6810677e-08, 0.99959177, 0.02857052, 1.4994293e-06, 0.06647068, -0.0019024312)

[node name="Physical Bone Chest" parent="Character/GeneralSkeleton/PhysicalBoneSimulator3DNew" index="3"]
transform = Transform3D(0.9996615, -0.009189605, -0.024341902, -0.024067897, 0.028834524, -0.99929446, 0.009885008, 0.99954194, 0.02860359, 0.004006215, 1.0957184, -0.0045268005)
joint_offset = Transform3D(1, 0, 0, 0, -4.371139e-08, -1, 0, 1, -4.371139e-08, -1.5732646e-06, 5.900394e-06, 0.07580542)
body_offset = Transform3D(1.0000002, 7.720664e-07, -9.4261486e-07, -9.679154e-07, 0.028570596, -0.9995919, -7.459894e-07, 0.9995919, 0.028570596, 1.6447157e-06, 0.07577431, -0.002171704)

[node name="Physical Bone UpperChest" parent="Character/GeneralSkeleton/PhysicalBoneSimulator3DNew" index="4"]
transform = Transform3D(0.9992321, -0.031572096, -0.023205487, -0.023065053, 0.004805023, -0.9997224, 0.031674836, 0.99948996, 0.0040731207, 0.007844033, 1.2573657, -0.00704919)
joint_offset = Transform3D(1, 0, 0, 0, 1, 0, 0, 0, 1, -7.7864435e-08, -1.3969839e-09, 0.08551081)
body_offset = Transform3D(1.0000001, 2.2351742e-07, 2.1739688e-06, 2.166198e-06, 0.02857051, -0.99959195, -2.9057264e-07, 0.9995919, 0.02857051, -1.0803342e-07, 0.08547592, -0.0024430864)

[editable path="Character"]
